1=(5,5,5):16;(5,4,4):27;(4,3,3):46;(4,2,2):8;(4,2,1):11;(4,1,1):1;(3,2,2):57;(3,1,1):46;(2,1,1):3;(2,0,0):14;E-195.07731015479456
3=(5,5,5):11;(5,4,4):15;(4,3,3):8;(4,2,2):51;(4,2,1):14;(3,2,2):46;(3,1,1):53;(3,0,0):4;(2,1,1):12;(2,0,0):11;E-195.24907690139395
2=(5,5,5):8;(5,4,4):12;(4,3,3):19;(4,2,2):40;(4,2,1):12;(3,2,2):41;(3,1,1):55;(3,0,0):5;(2,1,1):10;(2,0,0):20;E-195.11842634929658
4=(6,6,6):1;(5,5,5):14;(5,4,4):8;(4,3,3):10;(4,2,2):54;(4,2,1):10;(3,2,2):57;(3,1,1):53;(3,0,0):3;(2,1,1):5;(2,0,0):11;E-195.19105105337957
5=(5,5,5):11;(5,4,4):11;(4,3,3):14;(4,2,2):49;(4,2,1):10;(4,1,1):1;(3,2,2):45;(3,1,1):49;(3,0,0):5;(2,1,1):9;(2,0,0):19;E-194.93402825188448
6=(5,5,5):17;(5,4,4):30;(4,3,3):46;(4,2,2):9;(4,2,1):9;(4,1,1):1;(3,2,2):60;(3,1,1):43;(2,1,1):3;(2,0,0):12;E-195.06728809533013
7=(5,5,5):13;(5,4,4):7;(4,3,3):4;(4,2,2):59;(4,2,1):12;(3,2,2):48;(3,1,1):54;(3,0,0):6;(2,1,1):11;(2,0,0):9;(1,0,0):1;E-195.22918328363545
8=(5,5,5):14;(5,4,4):10;(4,3,3):13;(4,2,2):47;(4,2,1):8;(4,1,1):1;(3,2,2):49;(3,1,1):44;(3,0,0):11;(2,1,1):6;(2,0,0):17;(1,0,0):2;E-194.69136938466204
9=(5,5,5):33;(5,4,4):22;(4,3,3):29;(4,2,2):31;(4,2,1):3;(3,2,2):61;(3,1,1):26;(3,0,0):2;(2,1,1):14;(2,0,0):6;E-194.11800286703829
10=(5,5,5):16;(5,4,4):27;(4,3,3):46;(4,2,2):8;(4,2,1):11;(4,1,1):1;(3,2,2):57;(3,1,1):46;(2,1,1):3;(2,0,0):14;E-195.07588888131068
11=(5,5,5):15;(5,4,4):6;(4,3,3):7;(4,2,2):63;(4,2,1):7;(3,2,2):49;(3,1,1):51;(3,0,0):3;(2,1,1):11;(2,0,0):10;(1,0,0):1;E-194.64298481026873
12=(5,5,5):13;(5,4,4):16;(4,4,4):1;(4,3,3):19;(4,2,2):42;(4,2,1):7;(3,2,2):55;(3,1,1):53;(3,0,0):1;(2,1,1):5;(2,0,0):14;E-195.08696690771814
13=(5,5,5):16;(5,4,4):33;(4,3,3):47;(4,2,2):5;(4,2,1):16;(3,2,2):58;(3,1,1):38;(2,1,1):9;(2,0,0):7;E-194.57728571659325
14=(5,5,5):13;(5,4,4):16;(4,3,3):26;(4,2,2):44;(4,2,1):6;(4,1,1):1;(3,2,2):46;(3,1,1):48;(3,0,0):1;(2,1,1):8;(2,0,0):14;(1,0,0):1;E-194.66156612350846
15=(5,5,5):16;(5,4,4):27;(4,3,3):39;(4,2,2):18;(4,2,1):12;(4,1,1):2;(3,2,2):55;(3,1,1):39;(3,0,0):2;(2,1,1):6;(2,0,0):13;E-194.7776841523991
16=(5,5,5):8;(5,4,4):17;(4,3,3):18;(4,2,2):40;(4,2,1):12;(3,2,2):43;(3,1,1):56;(3,0,0):3;(2,1,1):12;(2,0,0):15;E-195.15101904236948
17=(5,5,5):22;(5,4,4):22;(4,3,3):43;(4,2,2):18;(4,2,1):3;(4,1,1):1;(3,2,2):56;(3,1,1):35;(2,1,1):5;(2,0,0):20;(1,0,0):1;E-194.44168494539608
18=(5,5,5):8;(5,4,4):17;(4,3,3):18;(4,2,2):40;(4,2,1):12;(3,2,2):43;(3,1,1):56;(3,0,0):3;(2,1,1):12;(2,0,0):15;E-195.15256784007423
19=(5,5,5):11;(5,4,4):13;(4,3,3):7;(4,2,2):52;(4,2,1):16;(3,2,2):41;(3,1,1):58;(3,0,0):3;(2,1,1):10;(2,0,0):14;E-195.18321078480406
20=(5,5,5):9;(5,4,4):11;(4,3,3):18;(4,2,2):35;(4,2,1):5;(3,2,2):43;(3,1,1):58;(3,0,0):5;(2,1,1):5;(2,0,0):30;E-194.73739004427173
21=(5,5,5):25;(5,4,4):22;(4,3,3):37;(4,2,2):13;(4,2,1):5;(4,1,1):1;(3,2,2):64;(3,1,1):36;(3,0,0):3;(2,1,1):9;(2,0,0):8;(1,0,0):2;E-194.5175625778448
22=(6,6,6):1;(5,5,5):15;(5,4,4):10;(4,3,3):13;(4,2,2):54;(4,2,1):8;(3,2,2):58;(3,1,1):51;(3,0,0):3;(2,1,1):5;(2,0,0):9;E-195.17555762746977
23=(5,5,5):11;(5,4,4):13;(4,3,3):8;(4,2,2):51;(4,2,1):18;(3,2,2):46;(3,1,1):50;(3,0,0):5;(2,1,1):15;(2,0,0):8;E-195.03743903779076
24=(5,5,5):12;(5,4,4):34;(4,3,3):40;(4,2,2):10;(4,2,1):13;(3,2,2):51;(3,1,1):45;(2,1,1):7;(2,0,0):16;E-194.74718441847614
25=(5,5,5):12;(5,4,4):13;(4,3,3):24;(4,2,2):31;(4,2,1):8;(4,1,1):2;(3,2,2):56;(3,1,1):54;(3,0,0):3;(2,1,1):8;(2,0,0):11;E-194.3154966773481
26=(5,5,5):17;(5,4,4):30;(4,3,3):46;(4,2,2):9;(4,2,1):9;(4,1,1):1;(3,2,2):60;(3,1,1):43;(2,1,1):3;(2,0,0):12;E-195.07291953745266
27=(5,5,5):7;(5,4,4):17;(4,3,3):19;(4,2,2):36;(4,2,1):12;(3,2,2):38;(3,1,1):50;(3,0,0):8;(2,1,1):14;(2,0,0):20;E-194.6146109260521
28=(5,5,5):17;(5,4,4):24;(4,3,3):35;(4,2,2):17;(4,2,1):7;(4,1,1):2;(3,2,2):50;(3,1,1):42;(3,0,0):5;(2,1,1):14;(2,0,0):12;E-194.5874973219612
29=(5,5,5):9;(5,4,4):18;(4,3,3):23;(4,2,2):36;(4,2,1):13;(3,2,2):44;(3,1,1):50;(3,0,0):4;(2,1,1):10;(2,0,0):17;E-195.1206631629063
30=(6,6,6):1;(5,5,5):11;(5,4,4):14;(4,3,3):18;(4,2,2):42;(4,2,1):10;(3,2,2):50;(3,1,1):55;(3,0,0):2;(2,1,1):8;(2,0,0):13;E-194.44489954651962
31=(5,5,5):9;(5,4,4):19;(4,3,3):39;(4,2,2):12;(4,2,1):15;(4,1,1):3;(3,2,2):45;(3,1,1):49;(2,1,1):10;(2,0,0):22;E-194.57532376640884
32=(5,5,5):11;(5,4,4):15;(4,4,4):1;(4,3,3):7;(4,2,2):49;(4,2,1):14;(3,2,2):43;(3,1,1):58;(3,0,0):3;(2,1,1):10;(2,0,0):14;E-194.98936907457534
33=(5,5,5):16;(5,4,4):17;(4,3,3):22;(4,2,2):36;(4,2,1):3;(4,1,1):1;(3,2,2):53;(3,1,1):47;(3,0,0):4;(2,1,1):10;(2,0,0):13;E-194.55615676703323
34=(5,5,5):11;(5,4,4):14;(4,3,3):11;(4,2,2):37;(4,2,1):16;(3,2,2):48;(3,1,1):47;(3,0,0):2;(2,1,1):15;(2,0,0):18;E-194.4284594016175
35=(5,5,5):9;(5,4,4):15;(4,3,3):19;(4,2,2):36;(4,2,1):14;(3,2,2):37;(3,1,1):54;(3,0,0):4;(2,1,1):12;(2,0,0):21;E-194.72266754712476
36=(5,5,5):8;(5,4,4):16;(4,3,3):15;(4,2,2):40;(4,2,1):10;(3,2,2):43;(3,1,1):56;(3,0,0):4;(2,1,1):11;(2,0,0):18;E-194.72151776781016
37=(6,6,6):1;(5,5,5):13;(5,4,4):11;(4,3,3):15;(4,2,2):33;(4,2,1):5;(4,1,1):3;(3,2,2):58;(3,1,1):52;(3,0,0):18;(2,1,1):7;(2,0,0):7;E-194.6524283286491
38=(5,5,5):15;(5,4,4):21;(4,3,3):46;(4,2,2):10;(4,2,1):14;(4,1,1):1;(3,2,2):57;(3,1,1):47;(2,1,1):3;(2,0,0):14;E-195.0768265013337
39=(5,5,5):8;(5,4,4):22;(4,3,3):24;(4,2,2):32;(4,2,1):13;(3,2,2):42;(3,1,1):52;(3,0,0):3;(2,1,1):12;(2,0,0):15;E-194.72122967257405
40=(5,5,5):14;(5,4,4):6;(4,3,3):6;(4,2,2):55;(4,2,1):10;(3,2,2):49;(3,1,1):54;(3,0,0):8;(2,1,1):2;(2,0,0):19;E-194.93547189304937
41=(5,5,5):14;(5,4,4):20;(4,3,3):44;(4,2,2):12;(4,2,1):15;(4,1,1):1;(3,2,2):55;(3,1,1):46;(2,1,1):5;(2,0,0):15;E-195.07614739229274
42=(5,5,5):11;(5,4,4):15;(4,3,3):30;(4,2,2):23;(4,2,1):11;(4,1,1):3;(3,2,2):51;(3,1,1):49;(3,0,0):2;(2,1,1):11;(2,0,0):16;(1,0,0):1;E-194.4755121851122
43=(5,5,5):7;(5,4,4):9;(4,3,3):13;(4,2,2):31;(4,2,1):7;(3,2,2):55;(3,1,1):63;(3,0,0):2;(2,1,1):7;(2,0,0):22;E-194.4015047321813
44=(6,6,6):1;(5,5,5):14;(5,4,4):8;(4,3,3):10;(4,2,2):54;(4,2,1):10;(3,2,2):57;(3,1,1):53;(3,0,0):3;(2,1,1):5;(2,0,0):11;E-195.17882994781115
45=(5,5,5):8;(5,4,4):21;(4,3,3):22;(4,2,2):33;(4,2,1):11;(3,2,2):39;(3,1,1):52;(3,0,0):5;(2,1,1):12;(2,0,0):19;E-194.69346419338683
46=(5,5,5):15;(5,4,4):26;(4,3,3):44;(4,2,2):10;(4,2,1):12;(4,1,1):1;(3,2,2):55;(3,1,1):45;(2,1,1):5;(2,0,0):15;E-195.07615377021068
47=(5,5,5):11;(5,4,4):9;(4,3,3):10;(4,2,2):50;(4,2,1):12;(4,1,1):1;(3,2,2):43;(3,1,1):54;(3,0,0):6;(2,1,1):10;(2,0,0):16;E-194.70248039293145
48=(5,5,5):14;(5,4,4):8;(4,3,3):7;(4,2,2):54;(4,2,1):13;(3,2,2):54;(3,1,1):53;(3,0,0):3;(2,1,1):8;(2,0,0):11;E-195.17449495222937
49=(5,5,5):18;(5,4,4):18;(4,3,3):22;(4,2,2):36;(4,2,1):8;(3,2,2):49;(3,1,1):40;(3,0,0):2;(2,1,1):14;(2,0,0):16;E-194.64747255325437
50=(5,5,5):14;(5,4,4):20;(4,3,3):44;(4,2,2):12;(4,2,1):15;(4,1,1):1;(3,2,2):55;(3,1,1):46;(2,1,1):5;(2,0,0):15;E-195.07704506534066
51=(5,5,5):10;(5,4,4):18;(4,3,3):21;(4,2,2):38;(4,2,1):9;(3,2,2):38;(3,1,1):52;(3,0,0):5;(2,1,1):13;(2,0,0):18;E-194.70025949962627
52=(5,5,5):13;(5,4,4):7;(4,3,3):12;(4,2,2):55;(4,2,1):15;(3,2,2):48;(3,1,1):54;(3,0,0):1;(2,1,1):13;(2,0,0):7;E-194.87393251096947
53=(5,5,5):14;(5,4,4):28;(4,4,4):1;(4,3,3):40;(4,2,2):17;(4,2,1):10;(4,1,1):1;(3,2,2):51;(3,1,1):40;(3,0,0):1;(2,1,1):7;(2,0,0):17;E-194.8545493133776
54=(5,5,5):6;(5,4,4):14;(4,3,3):24;(4,2,2):27;(4,2,1):16;(4,1,1):2;(3,2,2):39;(3,1,1):43;(3,0,0):4;(2,1,1):17;(2,0,0):26;E-194.0341966610004
55=(5,5,5):10;(5,4,4):21;(4,3,3):23;(4,2,2):35;(4,2,1):11;(3,2,2):40;(3,1,1):50;(3,0,0):4;(2,1,1):13;(2,0,0):16;E-194.6910227375899
56=(5,5,5):16;(5,4,4):31;(4,3,3):42;(4,2,2):12;(4,2,1):8;(4,1,1):1;(3,2,2):58;(3,1,1):45;(2,1,1):2;(2,0,0):14;E-194.8080279757924
57=(5,5,5):12;(5,4,4):14;(4,3,3):9;(4,2,2):53;(4,2,1):10;(4,1,1):1;(3,2,2):46;(3,1,1):58;(3,0,0):3;(2,1,1):6;(2,0,0):14;E-195.05420555147094
58=(5,5,5):13;(5,4,4):10;(4,3,3):10;(4,2,2):54;(4,2,1):13;(3,2,2):50;(3,1,1):51;(3,0,0):3;(2,1,1):12;(2,0,0):9;E-195.16770909106071
59=(5,5,5):20;(5,4,4):21;(4,3,3):23;(4,2,2):33;(4,2,1):5;(4,1,1):1;(3,2,2):67;(3,1,1):42;(3,0,0):1;(2,1,1):4;(2,0,0):9;(1,0,0):1;E-194.75703503287016
60=(5,5,5):14;(5,4,4):33;(4,3,3):42;(4,2,2):9;(4,2,1):13;(3,2,2):53;(3,1,1):45;(2,1,1):5;(2,0,0):15;E-194.74803855184916
61=(5,5,5):13;(5,4,4):15;(4,3,3):13;(4,2,2):49;(4,2,1):9;(3,2,2):49;(3,1,1):47;(3,0,0):4;(2,1,1):13;(2,0,0):12;E-195.07723752679743
62=(5,5,5):10;(5,4,4):19;(4,4,4):1;(4,3,3):18;(4,2,2):37;(4,2,1):10;(3,2,2):41;(3,1,1):58;(3,0,0):3;(2,1,1):8;(2,0,0):20;E-194.69707373789382
63=(5,5,5):11;(5,4,4):13;(4,3,3):8;(4,2,2):52;(4,2,1):16;(3,2,2):42;(3,1,1):54;(3,0,0):3;(2,1,1):15;(2,0,0):10;E-194.92347803287547
64=(5,5,5):7;(5,4,4):15;(4,3,3):21;(4,2,2):32;(4,2,1):15;(4,1,1):1;(3,2,2):38;(3,1,1):48;(3,0,0):5;(2,1,1):13;(2,0,0):25;E-194.41956224802573
65=(5,5,5):14;(5,4,4):27;(4,3,3):36;(4,2,2):15;(4,2,1):11;(4,1,1):2;(3,2,2):59;(3,1,1):50;(2,1,1):2;(2,0,0):12;E-194.86417185665886
66=(5,5,5):16;(5,4,4):11;(4,3,3):12;(4,2,2):52;(4,2,1):8;(3,2,2):57;(3,1,1):48;(3,0,0):3;(2,1,1):8;(2,0,0):10;E-194.87958016540537
67=(5,5,5):9;(5,4,4):18;(4,3,3):23;(4,2,2):36;(4,2,1):13;(3,2,2):44;(3,1,1):50;(3,0,0):4;(2,1,1):10;(2,0,0):17;E-195.1203074256187
68=(5,5,5):14;(5,4,4):7;(4,3,3):6;(4,2,2):58;(4,2,1):10;(3,2,2):52;(3,1,1):54;(3,0,0):3;(2,1,1):4;(2,0,0):16;E-194.99565825544985
69=(6,6,6):1;(5,5,5):17;(5,4,4):10;(4,3,3):24;(4,2,2):27;(4,2,1):2;(4,1,1):1;(3,2,2):59;(3,1,1):44;(3,0,0):7;(2,1,1):8;(2,0,0):18;(1,0,0):2;E-194.38406133038973
70=(5,5,5):7;(5,4,4):23;(4,3,3):21;(4,2,2):30;(4,2,1):13;(3,2,2):43;(3,1,1):55;(3,0,0):3;(2,1,1):9;(2,0,0):19;E-194.88578075707048
71=(6,6,6):1;(5,5,5):13;(5,4,4):10;(4,3,3):17;(4,2,2):47;(4,2,1):9;(3,2,2):49;(3,1,1):50;(3,0,0):4;(2,1,1):10;(2,0,0):13;E-194.69133103775127
72=(5,5,5):19;(5,4,4):13;(4,3,3):33;(4,2,2):21;(4,2,1):5;(4,1,1):2;(3,2,2):61;(3,1,1):31;(3,0,0):6;(2,1,1):15;(2,0,0):12;(1,0,0):1;E-193.78651037485864
73=(5,5,5):11;(5,4,4):9;(4,3,3):5;(4,2,2):56;(4,2,1):10;(3,2,2):41;(3,1,1):49;(3,0,0):3;(2,1,1):15;(2,0,0):21;E-194.58252295922142
74=(5,5,5):17;(5,4,4):15;(4,3,3):31;(4,2,2):22;(4,2,1):6;(4,1,1):1;(3,2,2):53;(3,1,1):45;(3,0,0):3;(2,1,1):10;(2,0,0):17;(1,0,0):2;E-194.42420647318394
75=(5,5,5):9;(5,4,4):26;(4,3,3):36;(4,2,2):16;(4,2,1):10;(4,1,1):3;(3,2,2):56;(3,1,1):52;(2,1,1):4;(2,0,0):14;E-194.86373036609191
76=(5,5,5):14;(5,4,4):7;(4,3,3):6;(4,2,2):58;(4,2,1):10;(3,2,2):52;(3,1,1):54;(3,0,0):3;(2,1,1):4;(2,0,0):16;E-194.99423157484762
77=(5,5,5):9;(5,4,4):18;(4,3,3):24;(4,2,2):40;(4,2,1):9;(3,2,2):41;(3,1,1):47;(3,0,0):3;(2,1,1):16;(2,0,0):15;E-194.58220729938304
78=(5,5,5):11;(5,4,4):13;(4,3,3):8;(4,2,2):52;(4,2,1):16;(3,2,2):42;(3,1,1):54;(3,0,0):3;(2,1,1):15;(2,0,0):10;E-194.9223473457181
79=(6,6,6):1;(5,5,5):11;(5,4,4):11;(4,3,3):30;(4,2,2):27;(4,2,1):4;(4,1,1):1;(3,2,2):47;(3,1,1):47;(3,0,0):7;(2,1,1):9;(2,0,0):20;(1,0,0):4;E-194.32170617269855
80=(5,5,5):20;(5,4,4):18;(4,3,3):21;(4,2,2):36;(4,2,1):9;(3,2,2):56;(3,1,1):37;(3,0,0):3;(2,1,1):12;(2,0,0):13;E-194.45023719585018
81=(5,5,5):12;(5,4,4):12;(4,3,3):12;(4,2,2):44;(4,2,1):5;(4,1,1):4;(3,2,2):49;(3,1,1):51;(3,0,0):7;(2,1,1):7;(2,0,0):19;E-194.73517415106573
82=(5,5,5):19;(5,4,4):32;(5,3,2):1;(4,3,3):41;(4,2,2):12;(4,2,1):7;(3,2,2):59;(3,1,1):34;(3,0,0):2;(2,1,1):13;(2,0,0):7;E-194.23645393065883
83=(6,6,6):1;(5,5,5):12;(5,4,4):9;(4,3,3):25;(4,2,2):24;(4,2,1):3;(4,1,1):2;(3,2,2):52;(3,1,1):48;(3,0,0):11;(2,1,1):11;(2,0,0):19;E-193.57291274438649
84=(5,5,5):11;(5,4,4):16;(4,3,3):10;(4,2,2):51;(4,2,1):16;(3,2,2):45;(3,1,1):50;(3,0,0):3;(2,1,1):15;(2,0,0):8;E-194.91943733541638
85=(5,5,5):34;(5,4,4):20;(4,3,3):33;(4,2,2):21;(4,2,1):3;(3,2,2):55;(3,1,1):27;(3,0,0):3;(2,1,1):12;(2,0,0):18;E-194.58011360072342
86=(5,5,5):8;(5,4,4):17;(4,3,3):18;(4,2,2):40;(4,2,1):12;(3,2,2):43;(3,1,1):56;(3,0,0):3;(2,1,1):12;(2,0,0):15;E-195.1521537302964
87=(5,5,5):12;(5,4,4):7;(4,3,3):9;(4,2,2):54;(4,2,1):12;(4,1,1):1;(3,2,2):45;(3,1,1):51;(3,0,0):4;(2,1,1):13;(2,0,0):14;E-194.72514729429705
88=(5,5,5):11;(5,4,4):16;(4,3,3):10;(4,2,2):51;(4,2,1):16;(3,2,2):45;(3,1,1):50;(3,0,0):3;(2,1,1):15;(2,0,0):8;E-194.91755672427203
89=(5,5,5):9;(5,4,4):18;(4,3,3):19;(4,2,2):42;(4,2,1):10;(4,1,1):2;(3,2,2):49;(3,1,1):52;(3,0,0):2;(2,1,1):14;(2,0,0):8;E-195.0376256881937
90=(5,5,5):12;(5,4,4):25;(4,4,4):1;(4,3,3):39;(4,2,2):19;(4,2,1):7;(4,1,1):1;(3,2,2):49;(3,1,1):45;(3,0,0):3;(2,1,1):9;(2,0,0):15;E-194.6039394746823
91=(6,6,6):1;(5,5,5):12;(5,4,4):20;(4,3,3):21;(4,2,2):26;(4,2,1):15;(3,2,2):43;(3,1,1):48;(3,0,0):3;(2,1,1):13;(2,0,0):20;E-194.42023332370465
92=(6,6,6):1;(5,5,5):21;(5,4,4):8;(4,3,3):34;(4,2,2):17;(4,2,1):5;(4,1,1):1;(3,2,2):56;(3,1,1):39;(3,0,0):4;(2,1,1):9;(2,0,0):23;(1,0,0):1;E-193.82458376323527
93=(6,6,6):1;(5,5,5):12;(5,4,4):12;(4,3,3):26;(4,2,2):43;(4,2,1):12;(3,2,2):55;(3,1,1):45;(3,0,0):1;(2,1,1):11;(2,0,0):7;E-194.72166182350165
94=(5,5,5):18;(5,4,4):15;(4,3,3):16;(4,2,2):49;(4,2,1):7;(3,2,2):51;(3,1,1):45;(3,0,0):4;(2,1,1):11;(2,0,0):10;E-194.68125901784478
95=(6,6,6):1;(5,5,5):15;(5,4,4):20;(4,4,4):2;(4,3,3):29;(4,2,2):28;(4,2,1):3;(4,1,1):1;(3,2,2):47;(3,1,1):44;(3,0,0):6;(2,1,1):5;(2,0,0):23;E-194.61731004130544
96=(5,5,5):11;(5,4,4):12;(4,3,3):18;(4,2,2):36;(4,2,1):8;(3,2,2):50;(3,1,1):59;(3,0,0):5;(2,1,1):4;(2,0,0):18;(1,0,0):1;E-195.0548238564263
97=(6,6,6):1;(5,5,5):14;(5,4,4):31;(4,4,4):2;(4,3,3):33;(4,2,2):18;(4,2,1):7;(4,1,1):2;(3,2,2):54;(3,1,1):40;(3,0,0):1;(2,1,1):9;(2,0,0):14;E-194.34159013277758
98=(6,6,6):1;(5,5,5):10;(5,4,4):16;(4,3,3):11;(4,2,2):50;(4,2,1):13;(3,2,2):46;(3,1,1):56;(3,0,0):2;(2,1,1):11;(2,0,0):10;E-194.88730544232217
99=(5,5,5):10;(5,4,4):17;(4,3,3):19;(4,2,2):38;(4,2,1):9;(4,1,1):1;(3,2,2):60;(3,1,1):54;(3,0,0):1;(2,1,1):6;(2,0,0):10;E-194.9605254573755
100=(5,5,5):10;(5,4,4):4;(4,3,3):9;(4,2,2):46;(4,2,1):6;(4,1,1):1;(3,2,2):48;(3,1,1):66;(3,0,0):4;(2,1,1):6;(2,0,0):17;(1,0,0):2;E-194.94209500382453
101=(5,5,5):17;(5,4,4):16;(4,3,3):18;(4,2,2):30;(4,2,1):11;(4,1,1):3;(3,2,2):50;(3,1,1):29;(3,0,0):6;(2,1,1):15;(2,0,0):22;(1,0,0):2;E-194.34383445747278
102=(5,5,5):11;(5,4,4):13;(4,3,3):9;(4,2,2):52;(4,2,1):16;(3,2,2):40;(3,1,1):54;(3,0,0):3;(2,1,1):16;(2,0,0):10;E-194.90482925201516
103=(5,5,5):14;(5,4,4):23;(4,3,3):26;(4,2,2):28;(4,2,1):9;(3,2,2):54;(3,1,1):46;(3,0,0):2;(2,1,1):6;(2,0,0):17;E-194.72490910514597
104=(5,5,5):8;(5,4,4):15;(4,3,3):29;(4,2,2):26;(4,2,1):9;(4,1,1):1;(3,2,2):44;(3,1,1):56;(3,0,0):3;(2,1,1):6;(2,0,0):24;E-194.80098794012275
105=(6,6,6):1;(5,5,5):14;(5,4,4):16;(4,3,3):33;(4,2,2):31;(4,2,1):7;(4,1,1):2;(3,2,2):58;(3,1,1):42;(3,0,0):2;(2,1,1):5;(2,0,0):14;E-194.60544972954338
106=(5,5,5):11;(5,4,4):6;(4,3,3):12;(4,2,2):44;(4,2,1):6;(4,1,1):1;(3,2,2):54;(3,1,1):64;(3,0,0):5;(2,1,1):2;(2,0,0):17;E-195.11107826377906
107=(5,5,5):11;(5,4,4):21;(4,4,4):1;(4,3,3):23;(4,2,2):29;(4,2,1):12;(4,1,1):2;(3,2,2):49;(3,1,1):45;(3,0,0):3;(2,1,1):11;(2,0,0):16;(1,0,0):1;E-194.62673454553214
108=(5,5,5):12;(5,4,4):19;(4,3,3):31;(4,2,2):35;(4,2,1):6;(4,1,1):1;(3,2,2):53;(3,1,1):45;(3,0,0):2;(2,1,1):11;(2,0,0):10;E-194.64353027783025
109=(5,5,5):11;(5,4,4):19;(4,3,3):32;(4,2,2):27;(4,2,1):7;(4,1,1):1;(3,2,2):46;(3,1,1):43;(3,0,0):9;(2,1,1):7;(2,0,0):21;E-194.54312594740074
110=(5,5,5):14;(5,4,4):18;(4,3,3):19;(4,2,2):39;(4,2,1):6;(3,2,2):57;(3,1,1):48;(3,0,0):3;(2,1,1):5;(2,0,0):15;E-194.88286040629245
111=(5,5,5):13;(5,4,4):14;(4,3,3):12;(4,2,2):24;(4,2,1):26;(3,2,2):55;(3,1,1):37;(3,0,0):2;(2,1,1):10;(2,0,0):25;E-193.7035082582417
112=(5,5,5):12;(5,4,4):26;(4,4,4):1;(4,3,3):39;(4,2,2):18;(4,2,1):8;(4,1,1):1;(3,2,2):50;(3,1,1):45;(3,0,0):3;(2,1,1):9;(2,0,0):14;E-194.60124117879363
113=(5,5,5):11;(5,4,4):8;(4,3,3):5;(4,2,2):53;(4,2,1):12;(3,2,2):41;(3,1,1):50;(3,0,0):11;(2,1,1):14;(2,0,0):14;(1,0,0):1;E-194.6971664684416
114=(5,5,5):10;(5,4,4):14;(4,3,3):22;(4,2,2):37;(4,2,1):9;(4,1,1):1;(3,2,2):52;(3,1,1):48;(3,0,0):5;(2,1,1):9;(2,0,0):15;E-194.7379932874876
115=(5,5,5):13;(5,4,4):10;(4,3,3):7;(4,2,2):56;(4,2,1):7;(3,2,2):51;(3,1,1):53;(3,0,0):4;(2,1,1):7;(2,0,0):16;E-194.92536451116405
116=(5,5,5):34;(5,4,4):22;(4,3,3):38;(4,2,2):12;(4,2,1):2;(3,2,2):72;(3,1,1):13;(3,0,0):1;(2,1,1):19;(2,0,0):9;(1,0,0):2;E-194.81560276737358
117=(6,6,6):1;(5,5,5):8;(5,4,4):29;(4,4,4):1;(4,3,3):37;(4,2,2):17;(4,2,1):13;(4,1,1):1;(3,2,2):42;(3,1,1):51;(2,1,1):7;(2,0,0):19;E-194.68095848524604
118=(5,5,5):16;(5,4,4):13;(4,3,3):23;(4,2,2):38;(4,2,1):5;(3,2,2):58;(3,1,1):39;(3,0,0):7;(2,1,1):8;(2,0,0):15;(1,0,0):1;E-194.63786695095732
119=(5,5,5):12;(5,4,4):30;(4,4,4):1;(4,3,3):35;(4,2,2):17;(4,2,1):8;(4,1,1):2;(3,2,2):53;(3,1,1):42;(3,0,0):1;(2,1,1):9;(2,0,0):15;E-194.34119253769444
120=(5,5,5):11;(5,4,4):8;(4,3,3):13;(4,2,2):39;(4,2,1):13;(4,1,1):1;(3,2,2):48;(3,1,1):50;(3,0,0):7;(2,1,1):13;(2,0,0):15;(1,0,0):2;E-194.61441681328822
121=(5,5,5):10;(5,4,4):12;(4,3,3):20;(4,2,2):43;(4,2,1):13;(3,2,2):44;(3,1,1):52;(3,0,0):1;(2,1,1):10;(2,0,0):15;(1,0,0):1;E-194.5650430342044
122=(6,6,6):1;(5,5,5):14;(5,4,4):25;(4,4,4):2;(4,3,3):34;(4,2,2):19;(4,2,1):7;(4,1,1):1;(3,2,2):48;(3,1,1):44;(3,0,0):3;(2,1,1):7;(2,0,0):20;E-194.6059071881327
123=(5,5,5):14;(5,4,4):5;(4,3,3):6;(4,2,2):58;(4,2,1):6;(4,1,1):1;(3,2,2):49;(3,1,1):52;(3,0,0):3;(2,1,1):9;(2,0,0):17;(1,0,0):1;E-194.82262715105722
124=(6,6,6):1;(5,5,5):7;(5,4,4):4;(5,3,2):1;(4,4,4):1;(4,3,3):21;(4,2,2):28;(4,2,1):6;(3,2,2):55;(3,1,1):49;(3,0,0):11;(2,1,1):6;(2,0,0):26;E-194.31378685173118
125=(5,5,5):11;(5,4,4):8;(4,3,3):4;(4,2,2):51;(4,2,1):14;(3,2,2):45;(3,1,1):50;(3,0,0):6;(2,1,1):15;(2,0,0):15;(1,0,0):1;E-194.8677510415859
126=(5,5,5):7;(5,4,4):16;(4,3,3):30;(4,2,2):20;(4,2,1):13;(4,1,1):3;(3,2,2):44;(3,1,1):50;(3,0,0):2;(2,1,1):12;(2,0,0):22;E-194.09539774261438
127=(5,5,5):12;(5,4,4):12;(4,3,3):18;(4,2,2):40;(4,2,1):6;(4,1,1):1;(3,2,2):56;(3,1,1):54;(3,0,0):4;(2,1,1):5;(2,0,0):15;E-195.11333927080526
128=(5,5,5):12;(5,4,4):7;(4,3,3):7;(4,2,2):54;(4,2,1):11;(3,2,2):43;(3,1,1):54;(3,0,0):9;(2,1,1):11;(2,0,0):13;(1,0,0):1;E-194.75633943505605
129=(6,6,6):1;(5,5,5):9;(5,4,4):34;(4,4,4):2;(4,3,3):37;(4,2,2):16;(4,2,1):11;(4,1,1):1;(3,2,2):46;(3,1,1):42;(2,1,1):9;(2,0,0):18;E-194.59224316428669
130=(5,5,5):9;(5,4,4):13;(4,3,3):16;(4,2,2):37;(4,2,1):11;(4,1,1):1;(3,2,2):51;(3,1,1):58;(3,0,0):4;(2,1,1):6;(2,0,0):16;E-194.71039111511095
131=(6,6,6):1;(5,5,5):13;(5,4,4):8;(4,3,3):13;(4,2,2):49;(4,2,1):10;(3,2,2):49;(3,1,1):48;(3,0,0):8;(2,1,1):8;(2,0,0):16;E-194.63561186418252
132=(5,5,5):14;(5,4,4):14;(4,3,3):21;(4,2,2):40;(4,2,1):8;(3,2,2):55;(3,1,1):48;(3,0,0):3;(2,1,1):7;(2,0,0):13;E-194.6385407148684
133=(5,5,5):12;(5,4,4):11;(4,3,3):26;(4,2,2):38;(4,2,1):4;(4,1,1):2;(3,2,2):45;(3,1,1):50;(3,0,0):4;(2,1,1):12;(2,0,0):17;E-194.56459413218707
134=(6,6,6):1;(5,5,5):15;(5,4,4):22;(4,3,3):33;(4,2,2):21;(4,2,1):5;(4,1,1):1;(3,2,2):60;(3,1,1):42;(3,0,0):2;(2,1,1):9;(2,0,0):14;E-194.6650258642978
135=(5,5,5):6;(5,4,4):15;(4,3,3):15;(4,2,2):25;(4,2,1):39;(4,1,1):1;(3,2,2):32;(3,1,1):55;(3,0,0):3;(2,1,1):13;(2,0,0):19;E-194.79565650306063
136=(5,5,5):12;(5,4,4):9;(4,3,3):14;(4,2,2):42;(4,2,1):8;(4,1,1):1;(3,2,2):56;(3,1,1):55;(3,0,0):4;(2,1,1):8;(2,0,0):12;E-194.6295875282604
137=(5,5,5):33;(5,4,4):21;(4,3,3):37;(4,2,2):13;(4,2,1):4;(4,1,1):1;(3,2,2):63;(3,1,1):23;(2,1,1):14;(2,0,0):17;E-194.68886236019858
138=(5,5,5):10;(5,4,4):20;(4,3,3):47;(4,2,2):15;(4,2,1):5;(4,1,1):1;(3,2,2):48;(3,1,1):37;(2,1,1):11;(2,0,0):25;(1,0,0):1;E-194.11655080792997
139=(5,5,5):11;(5,4,4):9;(4,3,3):16;(4,2,2):41;(4,2,1):7;(4,1,1):1;(3,2,2):55;(3,1,1):57;(3,0,0):4;(2,1,1):5;(2,0,0):16;E-195.11328003025446
140=(5,5,5):14;(5,4,4):12;(4,3,3):12;(4,2,2):55;(4,2,1):10;(3,2,2):46;(3,1,1):53;(3,0,0):3;(2,1,1):9;(2,0,0):12;E-195.07868258673025
141=(5,5,5):14;(5,4,4):15;(4,3,3):23;(4,2,2):39;(4,2,1):3;(3,2,2):55;(3,1,1):50;(3,0,0):8;(2,1,1):1;(2,0,0):17;E-194.98409463253645
142=(6,6,6):1;(5,5,5):12;(5,4,4):10;(4,3,3):20;(4,2,2):49;(4,2,1):11;(4,1,1):1;(3,2,2):55;(3,1,1):50;(3,0,0):1;(2,1,1):9;(2,0,0):6;(1,0,0):1;E-194.51121706784167
143=(5,5,5):21;(5,4,4):18;(4,3,3):43;(4,2,2):14;(4,2,1):6;(4,1,1):2;(3,2,2):53;(3,1,1):29;(3,0,0):1;(2,1,1):15;(2,0,0):20;E-194.57845112740273
144=(5,5,5):11;(5,4,4):7;(4,3,3):16;(4,2,2):43;(4,2,1):7;(4,1,1):2;(3,2,2):56;(3,1,1):60;(3,0,0):4;(2,1,1):3;(2,0,0):14;E-195.1100393739967
145=(5,5,5):13;(5,4,4):12;(4,3,3):16;(4,2,2):41;(4,2,1):8;(4,1,1):1;(3,2,2):57;(3,1,1):53;(3,0,0):5;(2,1,1):5;(2,0,0):12;E-194.6612505991474
146=(5,5,5):25;(5,4,4):20;(4,3,3):42;(4,2,2):10;(4,2,1):6;(4,1,1):2;(3,2,2):60;(3,1,1):33;(2,1,1):10;(2,0,0):17;E-194.49780336901648
147=(5,5,5):15;(5,4,4):7;(4,3,3):17;(4,2,2):41;(4,2,1):5;(4,1,1):2;(3,2,2):51;(3,1,1):53;(3,0,0):6;(2,1,1):5;(2,0,0):20;E-194.84075732567018
148=(5,5,5):19;(5,4,4):10;(4,3,3):27;(4,2,2):36;(4,2,1):4;(3,2,2):40;(3,1,1):35;(3,0,0):1;(2,1,1):15;(2,0,0):30;(1,0,0):1;E-193.7131328017626
149=(5,5,5):18;(5,4,4):11;(4,3,3):34;(4,2,2):17;(4,2,1):17;(3,2,2):47;(3,1,1):45;(2,1,1):13;(2,0,0):17;E-194.035338775683
150=(5,5,5):12;(5,4,4):12;(4,3,3):18;(4,2,2):40;(4,2,1):6;(4,1,1):1;(3,2,2):56;(3,1,1):54;(3,0,0):4;(2,1,1):5;(2,0,0):15;E-195.1137087081521
151=(5,5,5):16;(5,4,4):12;(4,3,3):13;(4,2,2):49;(4,2,1):9;(4,1,1):1;(3,2,2):46;(3,1,1):38;(3,0,0):7;(2,1,1):12;(2,0,0):20;E-194.39878919451772
152=(6,6,6):1;(5,5,5):26;(5,4,4):18;(4,3,3):20;(4,2,2):34;(4,2,1):10;(3,2,2):45;(3,1,1):34;(3,0,0):3;(2,1,1):18;(2,0,0):14;E-194.21759444502806
153=(5,5,5):21;(5,4,4):18;(4,3,3):43;(4,2,2):16;(4,2,1):6;(4,1,1):2;(3,2,2):54;(3,1,1):29;(2,1,1):15;(2,0,0):17;(1,0,0):1;E-194.32390013116617
154=(6,6,6):1;(5,5,5):13;(5,4,4):8;(4,3,3):13;(4,2,2):49;(4,2,1):10;(3,2,2):49;(3,1,1):47;(3,0,0):6;(2,1,1):9;(2,0,0):16;(1,0,0):1;E-194.63023778479345
155=(5,5,5):12;(5,4,4):9;(4,3,3):14;(4,2,2):43;(4,2,1):5;(4,1,1):1;(3,2,2):55;(3,1,1):61;(3,0,0):5;(2,1,1):2;(2,0,0):16;E-195.11164168621718
156=(5,5,5):21;(5,4,4):18;(4,3,3):43;(4,2,2):16;(4,2,1):6;(4,1,1):2;(3,2,2):54;(3,1,1):29;(2,1,1):15;(2,0,0):17;(1,0,0):1;E-194.32465829276993
157=(5,5,5):12;(5,4,4):12;(4,3,3):19;(4,2,2):35;(4,2,1):12;(4,1,1):2;(3,2,2):50;(3,1,1):52;(3,0,0):2;(2,1,1):7;(2,0,0):17;(1,0,0):1;E-194.5600976220883
158=(5,5,5):14;(5,4,4):25;(4,3,3):38;(4,2,2):15;(4,2,1):4;(4,1,1):1;(3,2,2):55;(3,1,1):38;(3,0,0):1;(2,1,1):9;(2,0,0):20;(1,0,0):1;E-194.05584724532144
159=(5,5,5):11;(5,4,4):14;(4,3,3):26;(4,2,2):33;(4,2,1):7;(3,2,2):52;(3,1,1):55;(3,0,0):3;(2,1,1):4;(2,0,0):17;(1,0,0):1;E-194.8858863484941
160=(5,5,5):12;(5,4,4):10;(4,3,3):18;(4,2,2):42;(4,2,1):8;(3,2,2):51;(3,1,1):52;(3,0,0):3;(2,1,1):6;(2,0,0):19;E-194.72909835304773
161=(5,5,5):16;(5,4,4):14;(4,3,3):12;(4,2,2):47;(4,2,1):10;(3,2,2):47;(3,1,1):56;(3,0,0):3;(2,1,1):8;(2,0,0):13;E-195.02148770092694
162=(5,5,5):21;(5,4,4):18;(4,3,3):41;(4,2,2):15;(4,2,1):6;(4,1,1):2;(3,2,2):56;(3,1,1):33;(2,1,1):9;(2,0,0):22;E-194.64633652556344
163=(5,5,5):12;(5,4,4):14;(4,3,3):9;(4,2,2):53;(4,2,1):10;(4,1,1):1;(3,2,2):46;(3,1,1):58;(3,0,0):3;(2,1,1):6;(2,0,0):14;E-195.05583586419124
164=(6,6,6):2;(5,5,5):21;(5,4,4):21;(4,3,3):27;(4,2,2):30;(4,2,1):5;(4,1,1):2;(3,2,2):66;(3,1,1):35;(3,0,0):3;(2,1,1):7;(2,0,0):7;(1,0,0):1;E-194.64690207801385
165=(5,5,5):21;(5,4,4):17;(4,3,3):42;(4,2,2):14;(4,2,1):7;(4,1,1):2;(3,2,2):52;(3,1,1):38;(3,0,0):1;(2,1,1):7;(2,0,0):23;E-194.5203642729277
166=(5,5,5):12;(5,4,4):9;(4,3,3):14;(4,2,2):43;(4,2,1):5;(4,1,1):1;(3,2,2):55;(3,1,1):61;(3,0,0):5;(2,1,1):2;(2,0,0):16;E-195.11319882053755
167=(5,5,5):12;(5,4,4):10;(4,3,3):18;(4,2,2):42;(4,2,1):8;(3,2,2):51;(3,1,1):52;(3,0,0):3;(2,1,1):6;(2,0,0):19;E-194.730277399775
168=(5,5,5):12;(5,4,4):10;(4,3,3):16;(4,2,2):41;(4,2,1):10;(3,2,2):53;(3,1,1):52;(3,0,0):3;(2,1,1):6;(2,0,0):18;E-194.72596733791593
169=(5,5,5):12;(5,4,4):15;(4,3,3):15;(4,2,2):40;(4,2,1):12;(4,1,1):1;(3,2,2):38;(3,1,1):50;(3,0,0):4;(2,1,1):12;(2,0,0):23;E-194.6126243167143
170=(5,5,5):10;(5,4,4):11;(4,3,3):35;(4,2,2):19;(4,2,1):8;(3,2,2):56;(3,1,1):47;(3,0,0):6;(2,1,1):8;(2,0,0):17;(1,0,0):2;E-194.52883217491217
171=(5,5,5):13;(5,4,4):16;(4,3,3):32;(4,2,2):18;(4,2,1):10;(4,1,1):2;(3,2,2):57;(3,1,1):40;(3,0,0):4;(2,1,1):13;(2,0,0):13;(1,0,0):2;E-194.5067155526165
172=(5,5,5):13;(5,4,4):13;(4,3,3):24;(4,2,2):35;(4,2,1):7;(3,2,2):53;(3,1,1):53;(3,0,0):3;(2,1,1):6;(2,0,0):16;E-195.05650361264873
173=(5,5,5):11;(5,4,4):13;(4,3,3):10;(4,2,2):51;(4,2,1):17;(3,2,2):45;(3,1,1):48;(3,0,0):6;(2,1,1):15;(2,0,0):9;E-194.97061424480484
174=(5,5,5):5;(5,4,4):6;(4,3,3):10;(4,2,2):41;(4,2,1):31;(3,2,2):31;(3,1,1):49;(3,0,0):1;(2,1,1):14;(2,0,0):30;E-194.3634417640084
175=(5,5,5):10;(5,4,4):9;(4,3,3):23;(4,2,2):34;(4,2,1):9;(4,1,1):1;(3,2,2):38;(3,1,1):55;(3,0,0):4;(2,1,1):11;(2,0,0):25;E-194.4537090186941
176=(5,5,5):15;(5,4,4):12;(4,3,3):21;(4,2,2):35;(4,2,1):15;(4,1,1):1;(3,2,2):55;(3,1,1):40;(3,0,0):2;(2,1,1):13;(2,0,0):12;(1,0,0):1;E-194.39498930939288
177=(5,5,5):9;(5,4,4):12;(4,3,3):30;(4,2,2):18;(4,2,1):11;(4,1,1):2;(3,2,2):48;(3,1,1):47;(3,0,0):3;(2,1,1):10;(2,0,0):27;E-193.98598892154104
178=(5,5,5):14;(5,4,4):8;(4,3,3):7;(4,2,2):54;(4,2,1):13;(3,2,2):54;(3,1,1):53;(3,0,0):3;(2,1,1):8;(2,0,0):11;E-195.17475055005158
179=(5,5,5):12;(5,4,4):10;(4,3,3):18;(4,2,2):42;(4,2,1):8;(3,2,2):51;(3,1,1):52;(3,0,0):3;(2,1,1):6;(2,0,0):19;E-194.6931896575104
180=(5,5,5):11;(5,4,4):13;(4,3,3):9;(4,2,2):52;(4,2,1):16;(3,2,2):40;(3,1,1):54;(3,0,0):3;(2,1,1):16;(2,0,0):10;E-194.93339483199594
181=(5,5,5):8;(5,4,4):10;(4,3,3):29;(4,2,2):23;(4,2,1):8;(3,2,2):47;(3,1,1):51;(3,0,0):7;(2,1,1):10;(2,0,0):22;(1,0,0):2;E-194.3645132849673
182=(5,5,5):11;(5,4,4):6;(4,3,3):12;(4,2,2):44;(4,2,1):6;(4,1,1):1;(3,2,2):54;(3,1,1):64;(3,0,0):5;(2,1,1):2;(2,0,0):17;E-195.11170875795307
183=(5,5,5):15;(5,4,4):19;(4,3,3):32;(4,2,2):24;(4,2,1):8;(3,2,2):56;(3,1,1):44;(3,0,0):1;(2,1,1):7;(2,0,0):17;E-194.2086849404082
184=(5,5,5):17;(5,4,4):13;(5,3,3):2;(4,3,3):43;(4,2,2):9;(4,2,1):10;(4,1,1):2;(3,2,2):53;(3,1,1):30;(3,0,0):2;(2,1,1):20;(2,0,0):16;(1,0,0):1;E-193.4156835178171
185=(5,5,5):16;(5,4,4):16;(4,4,4):1;(4,3,3):21;(4,2,2):38;(4,2,1):9;(3,2,2):49;(3,1,1):42;(3,0,0):4;(2,1,1):11;(2,0,0):15;(1,0,0):1;E-194.42660210012417
186=(5,5,5):12;(5,4,4):15;(4,3,3):13;(4,2,2):48;(4,2,1):10;(4,1,1):1;(3,2,2):49;(3,1,1):53;(3,0,0):3;(2,1,1):11;(2,0,0):10;E-194.97496357260252
187=(6,6,6):2;(5,5,5):22;(5,4,4):19;(4,3,3):38;(4,2,2):13;(4,2,1):6;(4,1,1):2;(3,2,2):71;(3,1,1):36;(3,0,0):1;(2,1,1):4;(2,0,0):11;E-194.4731334605547
188=(5,5,5):15;(5,4,4):10;(4,3,3):10;(4,2,2):54;(4,2,1):11;(3,2,2):55;(3,1,1):51;(3,0,0):3;(2,1,1):8;(2,0,0):9;E-195.17239108117255
189=(6,6,6):1;(5,5,5):19;(5,4,4):17;(4,3,3):31;(4,2,2):19;(4,2,1):5;(4,1,1):3;(3,2,2):55;(3,1,1):29;(3,0,0):3;(2,1,1):16;(2,0,0):16;(1,0,0):4;E-194.05366650772658
190=(5,5,5):12;(5,4,4):9;(4,3,3):14;(4,2,2):43;(4,2,1):5;(4,1,1):1;(3,2,2):55;(3,1,1):58;(3,0,0):4;(2,1,1):5;(2,0,0):16;E-195.11341989395814
191=(6,6,6):1;(5,5,5):15;(5,4,4):9;(4,3,3):25;(4,2,2):28;(4,2,1):7;(4,1,1):1;(3,2,2):57;(3,1,1):45;(3,0,0):11;(2,1,1):10;(2,0,0):12;E-194.20240405193226
192=(5,5,5):14;(5,4,4):8;(4,3,3):14;(4,2,2):44;(4,2,1):4;(3,2,2):50;(3,1,1):51;(3,0,0):7;(2,1,1):5;(2,0,0):21;(1,0,0):1;E-194.38169248046998
193=(5,5,5):22;(5,4,4):15;(4,3,3):33;(4,2,2):14;(4,2,1):5;(3,2,2):65;(3,1,1):32;(3,0,0):2;(2,1,1):11;(2,0,0):18;(1,0,0):2;E-194.12985593241504
194=(5,5,5):13;(5,4,4):13;(4,3,3):17;(4,2,2):41;(4,2,1):7;(4,1,1):1;(3,2,2):58;(3,1,1):50;(3,0,0):4;(2,1,1):7;(2,0,0):12;E-194.79959209054786
195=(6,6,6):1;(5,5,5):14;(5,4,4):8;(4,3,3):10;(4,2,2):54;(4,2,1):10;(3,2,2):57;(3,1,1):53;(3,0,0):3;(2,1,1):5;(2,0,0):11;E-195.177323402292
196=(5,5,5):13;(5,4,4):21;(4,3,3):30;(4,2,2):14;(4,2,1):9;(4,1,1):2;(3,2,2):65;(3,1,1):45;(3,0,0):2;(2,1,1):6;(2,0,0):15;E-194.53679795578952
197=(5,5,5):11;(5,4,4):6;(4,3,3):12;(4,2,2):44;(4,2,1):6;(4,1,1):1;(3,2,2):54;(3,1,1):61;(3,0,0):4;(2,1,1):5;(2,0,0):17;E-195.1138550088952
198=(6,6,6):1;(5,5,5):11;(5,4,4):17;(4,3,3):34;(4,2,2):18;(4,2,1):9;(4,1,1):3;(3,2,2):57;(3,1,1):43;(3,0,0):4;(2,1,1):5;(2,0,0):19;E-194.12220992437162
199=(5,5,5):14;(5,4,4):16;(4,3,3):16;(4,2,2):50;(4,2,1):12;(3,2,2):49;(3,1,1):48;(3,0,0):1;(2,1,1):16;(2,0,0):5;E-195.0398514453767
200=(5,5,5):12;(5,4,4):10;(4,3,3):11;(4,2,2):49;(4,2,1):11;(4,1,1):1;(3,2,2):46;(3,1,1):48;(3,0,0):9;(2,1,1):8;(2,0,0):18;E-194.7640127168365
201=(5,5,5):9;(5,4,4):16;(5,3,2):1;(4,4,4):1;(4,3,3):22;(4,2,2):37;(4,2,1):11;(3,2,2):37;(3,1,1):39;(3,0,0):1;(2,1,1):17;(2,0,0):26;(1,0,0):1;E-194.31272004795449
202=(5,5,5):26;(5,4,4):22;(4,3,3):36;(4,2,2):28;(4,2,1):5;(4,1,1):1;(3,2,2):58;(3,1,1):33;(3,0,0):1;(2,1,1):10;(2,0,0):9;E-194.82941866076385
203=(6,6,6):1;(5,5,5):14;(5,4,4):8;(4,3,3):10;(4,2,2):54;(4,2,1):10;(3,2,2):57;(3,1,1):53;(3,0,0):3;(2,1,1):5;(2,0,0):11;E-195.1798606225922
204=(6,6,6):1;(5,5,5):25;(5,4,4):16;(4,3,3):32;(4,2,2):16;(4,2,1):3;(4,1,1):1;(3,2,2):59;(3,1,1):39;(3,0,0):2;(2,1,1):5;(2,0,0):24;E-194.43661957785272
205=(5,5,5):12;(5,4,4):9;(4,3,3):14;(4,2,2):43;(4,2,1):5;(4,1,1):1;(3,2,2):55;(3,1,1):58;(3,0,0):4;(2,1,1):5;(2,0,0):16;E-195.1138059865735
206=(6,6,6):1;(5,5,5):13;(5,4,4):9;(4,3,3):16;(4,2,2):51;(4,2,1):5;(3,2,2):56;(3,1,1):50;(3,0,0):4;(2,1,1):3;(2,0,0):17;E-194.9357634332904
207=(5,5,5):9;(5,4,4):14;(4,3,3):24;(4,2,2):23;(4,2,1):15;(4,1,1):3;(3,2,2):52;(3,1,1):52;(3,0,0):2;(2,1,1):6;(2,0,0):21;E-194.57304544265557
208=(5,5,5):11;(5,4,4):13;(4,3,3):10;(4,2,2):51;(4,2,1):18;(3,2,2):42;(3,1,1):52;(3,0,0):3;(2,1,1):15;(2,0,0):10;E-194.91963859394474
209=(5,5,5):12;(5,4,4):9;(4,3,3):16;(4,2,2):43;(4,2,1):7;(4,1,1):1;(3,2,2):54;(3,1,1):56;(3,0,0):5;(2,1,1):5;(2,0,0):14;E-194.60522447766203
210=(5,5,5):10;(5,4,4):22;(4,3,3):29;(4,2,2):20;(4,2,1):10;(4,1,1):2;(3,2,2):58;(3,1,1):53;(3,0,0):2;(2,1,1):6;(2,0,0):11;E-194.2420161847317
211=(5,5,5):11;(5,4,4):10;(4,3,3):34;(4,2,2):32;(4,2,1):13;(3,2,2):49;(3,1,1):45;(3,0,0):3;(2,1,1):14;(2,0,0):11;E-194.2389142714419
212=(5,5,5):10;(5,4,4):6;(4,3,3):8;(4,2,2):50;(4,2,1):16;(3,2,2):46;(3,1,1):46;(3,0,0):5;(2,1,1):16;(2,0,0):16;(1,0,0):1;E-194.58260024351517
213=(5,5,5):9;(5,4,4):23;(4,3,3):37;(4,2,2):18;(4,2,1):7;(4,1,1):1;(3,2,2):52;(3,1,1):50;(3,0,0):1;(2,1,1):9;(2,0,0):16;E-194.50482748308642
214=(5,5,5):10;(5,4,4):8;(4,3,3):10;(4,2,2):44;(4,2,1):16;(3,2,2):45;(3,1,1):60;(3,0,0):3;(2,1,1):8;(2,0,0):17;E-194.92118790994434
215=(5,5,5):11;(5,4,4):6;(4,3,3):2;(4,2,2):58;(4,2,1):7;(4,1,1):1;(3,2,2):39;(3,1,1):55;(3,0,0):5;(2,1,1):11;(2,0,0):25;E-194.83541134737698
216=(5,5,5):13;(5,4,4):13;(4,3,3):20;(4,2,2):41;(4,2,1):7;(3,2,2):52;(3,1,1):49;(3,0,0):3;(2,1,1):6;(2,0,0):18;E-194.71939715017672
217=(5,5,5):10;(5,4,4):14;(4,3,3):30;(4,2,2):26;(4,2,1):12;(4,1,1):1;(3,2,2):59;(3,1,1):46;(2,1,1):7;(2,0,0):15;(1,0,0):1;E-194.48274762743392
218=(5,5,5):12;(5,4,4):14;(4,3,3):22;(4,2,2):40;(4,2,1):6;(3,2,2):54;(3,1,1):53;(3,0,0):1;(2,1,1):9;(2,0,0):12;E-194.45871000478095
219=(5,5,5):12;(5,4,4):21;(4,3,3):27;(4,2,2):26;(4,2,1):9;(4,1,1):1;(3,2,2):61;(3,1,1):42;(2,1,1):8;(2,0,0):14;(1,0,0):1;E-194.48277305018715
220=(5,5,5):15;(5,4,4):21;(4,3,3):23;(4,2,2):37;(4,2,1):8;(4,1,1):1;(3,2,2):61;(3,1,1):44;(3,0,0):1;(2,1,1):7;(2,0,0):8;E-194.77363390543746
221=(5,5,5):11;(5,4,4):17;(4,3,3):28;(4,2,2):26;(4,2,1):11;(4,1,1):1;(3,2,2):58;(3,1,1):44;(2,1,1):8;(2,0,0):16;(1,0,0):1;E-194.48264239131194
222=(5,5,5):11;(5,4,4):6;(4,3,3):12;(4,2,2):44;(4,2,1):6;(4,1,1):1;(3,2,2):54;(3,1,1):64;(3,0,0):5;(2,1,1):2;(2,0,0):17;E-195.11026409888788
223=(5,5,5):15;(5,4,4):9;(4,3,3):8;(4,2,2):59;(4,2,1):11;(3,2,2):51;(3,1,1):51;(3,0,0):4;(2,1,1):10;(2,0,0):8;E-194.9721303839965
224=(5,5,5):10;(5,4,4):18;(4,3,3):16;(4,2,2):42;(4,2,1):14;(3,2,2):44;(3,1,1):55;(3,0,0):3;(2,1,1):13;(2,0,0):10;E-195.09719338749557
225=(5,5,5):14;(5,4,4):20;(4,3,3):32;(4,2,2):23;(4,2,1):11;(4,1,1):1;(3,2,2):56;(3,1,1):40;(3,0,0):1;(2,1,1):7;(2,0,0):16;(1,0,0):2;E-194.42027563759902
226=(5,5,5):13;(5,4,4):9;(4,3,3):15;(4,2,2):54;(4,2,1):8;(4,1,1):1;(3,2,2):46;(3,1,1):45;(3,0,0):6;(2,1,1):12;(2,0,0):14;E-194.73084476520484
227=(5,5,5):3;(5,4,4):9;(4,3,3):18;(4,2,2):32;(4,2,1):28;(4,1,1):2;(3,2,2):37;(3,1,1):48;(3,0,0):1;(2,1,1):17;(2,0,0):20;(1,0,0):2;E-194.19274456365906
228=(5,5,5):14;(5,4,4):6;(4,3,3):9;(4,2,2):54;(4,2,1):6;(4,1,1):1;(3,2,2):53;(3,1,1):53;(3,0,0):3;(2,1,1):7;(2,0,0):16;E-194.82728386479184
229=(5,5,5):16;(5,4,4):20;(4,3,3):31;(4,2,2):24;(4,2,1):10;(3,2,2):53;(3,1,1):41;(3,0,0):1;(2,1,1):12;(2,0,0):15;(1,0,0):1;E-194.58353491455213
230=(5,5,5):14;(5,4,4):4;(4,3,3):8;(4,2,2):59;(4,2,1):6;(4,1,1):1;(3,2,2):50;(3,1,1):50;(3,0,0):8;(2,1,1):5;(2,0,0):18;E-195.01554568938613
231=(5,5,5):12;(5,4,4):18;(4,3,3):27;(4,2,2):23;(4,2,1):8;(4,1,1):1;(3,2,2):49;(3,1,1):44;(3,0,0):5;(2,1,1):8;(2,0,0):23;(1,0,0):2;E-194.3380952209438
232=(5,5,5):13;(5,4,4):14;(4,3,3):18;(4,2,2):27;(4,2,1):16;(4,1,1):1;(3,2,2):49;(3,1,1):48;(3,0,0):6;(2,1,1):6;(2,0,0):23;E-194.2668702776439
233=(5,5,5):11;(5,4,4):17;(4,3,3):28;(4,2,2):23;(4,2,1):14;(4,1,1):1;(3,2,2):55;(3,1,1):42;(3,0,0):1;(2,1,1):10;(2,0,0):17;(1,0,0):1;E-194.26795051630305
234=(5,5,5):12;(5,4,4):11;(4,3,3):16;(4,2,2):43;(4,2,1):5;(4,1,1):1;(3,2,2):54;(3,1,1):55;(3,0,0):6;(2,1,1):2;(2,0,0):17;(1,0,0):1;E-195.00260033225362
235=(5,5,5):11;(5,4,4):13;(4,3,3):9;(4,2,2):52;(4,2,1):16;(3,2,2):40;(3,1,1):54;(3,0,0):3;(2,1,1):16;(2,0,0):10;E-194.9293496013027
236=(5,5,5):11;(5,4,4):13;(4,3,3):7;(4,2,2):51;(4,2,1):19;(3,2,2):42;(3,1,1):52;(3,0,0):3;(2,1,1):16;(2,0,0):10;E-194.89974579162413
237=(5,5,5):11;(5,4,4):17;(4,3,3):28;(4,2,2):23;(4,2,1):14;(4,1,1):1;(3,2,2):55;(3,1,1):42;(3,0,0):1;(2,1,1):10;(2,0,0):17;(1,0,0):1;E-194.26995994181667
238=(5,5,5):12;(5,4,4):17;(4,3,3):29;(4,2,2):22;(4,2,1):15;(3,2,2):58;(3,1,1):43;(3,0,0):1;(2,1,1):8;(2,0,0):15;(1,0,0):1;E-194.26847033858056
239=(5,5,5):12;(5,4,4):9;(4,3,3):16;(4,2,2):43;(4,2,1):7;(4,1,1):1;(3,2,2):54;(3,1,1):53;(3,0,0):4;(2,1,1):8;(2,0,0):14;E-194.58971541649714
240=(5,5,5):11;(5,4,4):13;(4,3,3):9;(4,2,2):52;(4,2,1):16;(3,2,2):40;(3,1,1):54;(3,0,0):3;(2,1,1):16;(2,0,0):10;E-194.9278038374278
241=(5,5,5):7;(5,4,4):8;(4,3,3):19;(4,2,2):32;(4,2,1):26;(4,1,1):1;(3,2,2):39;(3,1,1):49;(3,0,0):1;(2,1,1):16;(2,0,0):18;(1,0,0):1;E-193.64664576985786
242=(6,6,6):1;(5,5,5):13;(5,4,4):8;(4,3,3):16;(4,2,2):55;(4,2,1):8;(3,2,2):49;(3,1,1):47;(3,0,0):5;(2,1,1):10;(2,0,0):12;E-194.7190262950302
243=(5,5,5):10;(5,4,4):17;(4,3,3):27;(4,2,2):26;(4,2,1):9;(4,1,1):2;(3,2,2):53;(3,1,1):40;(3,0,0):4;(2,1,1):9;(2,0,0):22;E-194.30172178639376
244=(5,5,5):14;(5,4,4):7;(4,3,3):6;(4,2,2):58;(4,2,1):10;(3,2,2):49;(3,1,1):51;(3,0,0):5;(2,1,1):7;(2,0,0):16;E-194.6226759113502
245=(5,5,5):10;(5,4,4):20;(4,3,3):30;(4,2,2):22;(4,2,1):9;(4,1,1):2;(3,2,2):54;(3,1,1):41;(3,0,0):3;(2,1,1):11;(2,0,0):19;E-194.59267036273386
246=(5,5,5):14;(5,4,4):11;(4,3,3):32;(4,2,2):18;(4,2,1):7;(4,1,1):1;(3,2,2):52;(3,1,1):52;(2,1,1):9;(2,0,0):21;(1,0,0):3;E-194.1822865740985
247=(5,5,5):6;(5,4,4):20;(5,3,2):1;(4,3,3):27;(4,2,2):26;(4,2,1):22;(3,2,2):48;(3,1,1):52;(2,1,1):12;(2,0,0):10;(1,0,0):1;E-194.55933014986303
248=(5,5,5):13;(5,4,4):9;(4,3,3):7;(4,2,2):58;(4,2,1):10;(3,2,2):43;(3,1,1):56;(3,0,0):5;(2,1,1):8;(2,0,0):15;E-194.98422607523864
249=(5,5,5):17;(5,4,4):23;(4,3,3):31;(4,2,2):19;(4,2,1):10;(4,1,1):3;(3,2,2):62;(3,1,1):35;(3,0,0):1;(2,1,1):8;(2,0,0):15;E-194.59013010066047
250=(5,5,5):11;(5,4,4):17;(5,3,2):1;(4,3,3):25;(4,2,2):44;(4,2,1):8;(3,2,2):54;(3,1,1):43;(3,0,0):2;(2,1,1):12;(2,0,0):9;E-194.78350621661744
251=(5,5,5):11;(5,4,4):11;(4,3,3):15;(4,2,2):42;(4,2,1):2;(3,2,2):50;(3,1,1):58;(3,0,0):7;(2,0,0):25;E-194.74990480484942
252=(5,5,5):9;(5,4,4):16;(4,3,3):25;(4,2,2):21;(4,2,1):15;(4,1,1):3;(3,2,2):52;(3,1,1):46;(3,0,0):2;(2,1,1):11;(2,0,0):19;E-194.17452406002212
253=(5,5,5):11;(5,4,4):10;(4,3,3):20;(4,2,2):35;(4,2,1):9;(4,1,1):3;(3,2,2):53;(3,1,1):54;(3,0,0):6;(2,1,1):8;(2,0,0):14;E-194.80592426729487
254=(5,5,5):17;(5,4,4):19;(4,3,3):30;(4,2,2):20;(4,2,1):7;(4,1,1):2;(3,2,2):60;(3,1,1):42;(3,0,0):3;(2,1,1):5;(2,0,0):18;E-194.5902801193264
255=(5,5,5):12;(5,4,4):9;(4,3,3):18;(4,2,2):42;(4,2,1):6;(4,1,1):1;(3,2,2):57;(3,1,1):56;(3,0,0):3;(2,1,1):3;(2,0,0):16;E-195.10561599183575
256=(5,5,5):15;(5,4,4):5;(4,3,3):9;(4,2,2):59;(4,2,1):8;(3,2,2):46;(3,1,1):51;(3,0,0):7;(2,1,1):9;(2,0,0):14;E-194.9316686029877
257=(5,5,5):20;(5,4,4):32;(4,3,3):29;(4,2,2):26;(4,2,1):5;(3,2,2):65;(3,1,1):40;(3,0,0):2;(2,1,1):5;(2,0,0):6;E-194.8465269476911
258=(5,5,5):18;(5,4,4):21;(4,3,3):26;(4,2,2):31;(4,2,1):5;(3,2,2):55;(3,1,1):46;(3,0,0):2;(2,1,1):6;(2,0,0):14;E-194.07742766068606
259=(5,5,5):17;(5,4,4):20;(4,3,3):22;(4,2,2):39;(4,2,1):7;(3,2,2):63;(3,1,1):43;(3,0,0):2;(2,1,1):6;(2,0,0):7;E-194.59573439748354
260=(5,5,5):14;(5,4,4):4;(4,3,3):7;(4,2,2):61;(4,2,1):8;(3,2,2):50;(3,1,1):51;(3,0,0):7;(2,1,1):6;(2,0,0):16;E-195.14335515697053
261=(5,5,5):14;(5,4,4):17;(4,3,3):30;(4,2,2):21;(4,2,1):8;(4,1,1):2;(3,2,2):56;(3,1,1):42;(3,0,0):4;(2,1,1):8;(2,0,0):17;(1,0,0):1;E-193.9784420436072
262=(5,5,5):11;(5,4,4):13;(4,3,3):7;(4,2,2):51;(4,2,1):19;(3,2,2):42;(3,1,1):52;(3,0,0):3;(2,1,1):16;(2,0,0):10;E-194.91148147325327
263=(5,5,5):10;(5,4,4):7;(4,3,3):28;(4,2,2):23;(4,2,1):8;(4,1,1):3;(3,2,2):39;(3,1,1):53;(3,0,0):9;(2,1,1):14;(2,0,0):22;E-194.04279352558828
264=(5,5,5):13;(5,4,4):21;(4,3,3):38;(4,2,2):13;(4,2,1):8;(4,1,1):1;(3,2,2):59;(3,1,1):45;(3,0,0):3;(2,1,1):5;(2,0,0):16;(1,0,0):1;E-194.5786928380082
265=(5,5,5):12;(5,4,4):14;(4,4,4):1;(4,3,3):9;(4,2,2):52;(4,2,1):14;(3,2,2):43;(3,1,1):54;(3,0,0):3;(2,1,1):13;(2,0,0):10;E-194.92947125415122
266=(5,5,5):30;(5,4,4):11;(4,3,3):43;(4,2,2):24;(4,2,1):3;(3,2,2):55;(3,1,1):23;(2,1,1):18;(2,0,0):14;E-193.75995162097198
267=(5,5,5):11;(5,4,4):9;(4,3,3):13;(4,2,2):48;(4,2,1):14;(3,2,2):48;(3,1,1):53;(3,0,0):1;(2,1,1):11;(2,0,0):14;E-194.80326675585346
268=(5,5,5):11;(5,4,4):13;(4,3,3):27;(4,2,2):18;(4,2,1):19;(4,1,1):2;(3,2,2):53;(3,1,1):45;(3,0,0):1;(2,1,1):11;(2,0,0):19;E-194.2724668244391
269=(5,5,5):18;(5,4,4):13;(4,3,3):11;(4,2,2):48;(4,2,1):9;(3,2,2):53;(3,1,1):46;(3,0,0):5;(2,1,1):9;(2,0,0):13;E-194.8511191228528
270=(5,5,5):14;(5,4,4):20;(4,3,3):32;(4,2,2):25;(4,2,1):8;(4,1,1):2;(3,2,2):60;(3,1,1):45;(3,0,0):3;(2,1,1):7;(2,0,0):9;(1,0,0):1;E-194.77961328254383
271=(5,5,5):10;(5,4,4):12;(4,3,3):16;(4,2,2):41;(4,2,1):12;(4,1,1):1;(3,2,2):48;(3,1,1):60;(3,0,0):3;(2,1,1):5;(2,0,0):16;E-195.05513039632083
272=(5,5,5):13;(5,4,4):10;(4,3,3):10;(4,2,2):54;(4,2,1):13;(3,2,2):50;(3,1,1):51;(3,0,0):3;(2,1,1):12;(2,0,0):9;E-195.1712436801137
273=(5,5,5):11;(5,4,4):13;(4,3,3):8;(4,2,2):48;(4,2,1):18;(3,2,2):49;(3,1,1):49;(3,0,0):2;(2,1,1):16;(2,0,0):10;E-195.02653061384868
274=(5,5,5):15;(5,4,4):11;(4,3,3):20;(4,2,2):40;(4,2,1):8;(3,2,2):52;(3,1,1):49;(3,0,0):3;(2,1,1):10;(2,0,0):14;E-194.74806598505864
275=(5,5,5):11;(5,4,4):13;(4,3,3):7;(4,2,2):51;(4,2,1):18;(3,2,2):42;(3,1,1):54;(3,0,0):3;(2,1,1):16;(2,0,0):9;E-194.96965016172666
276=(5,5,5):18;(5,4,4):19;(4,3,3):33;(4,2,2):18;(4,2,1):11;(4,1,1):2;(3,2,2):60;(3,1,1):41;(3,0,0):2;(2,1,1):6;(2,0,0):15;E-194.58101170603942
277=(5,5,5):12;(5,4,4):13;(4,3,3):19;(4,2,2):40;(4,2,1):8;(3,2,2):54;(3,1,1):54;(3,0,0):2;(2,1,1):5;(2,0,0):14;(1,0,0):1;E-194.83490533650374
280=(5,5,5):13;(5,4,4):13;(4,4,4):1;(4,3,3):12;(4,2,2):54;(4,2,1):7;(3,2,2):48;(3,1,1):51;(3,0,0):5;(2,1,1):6;(2,0,0):15;E-194.99660259882472
279=(5,5,5):11;(5,4,4):13;(4,3,3):7;(4,2,2):52;(4,2,1):18;(3,2,2):44;(3,1,1):55;(3,0,0):2;(2,1,1):15;(2,0,0):8;E-195.10321840589177
278=(5,5,5):12;(5,4,4):18;(4,3,3):32;(4,2,2):17;(4,2,1):11;(4,1,1):3;(3,2,2):54;(3,1,1):51;(3,0,0):3;(2,1,1):4;(2,0,0):18;(1,0,0):1;E-194.48684677161782
281=(5,5,5):13;(5,4,4):16;(4,3,3):23;(4,2,2):36;(4,2,1):12;(4,1,1):2;(3,2,2):48;(3,1,1):46;(3,0,0):2;(2,1,1):12;(2,0,0):14;E-194.5027488433017
282=(5,5,5):16;(5,4,4):16;(4,3,3):28;(4,2,2):26;(4,2,1):6;(4,1,1):1;(3,2,2):57;(3,1,1):48;(3,0,0):6;(2,1,1):7;(2,0,0):11;(1,0,0):1;E-194.50758486204813
283=(5,5,5):12;(5,4,4):9;(4,3,3):7;(4,2,2):59;(4,2,1):11;(3,2,2):47;(3,1,1):50;(3,0,0):3;(2,1,1):13;(2,0,0):13;E-195.02576017832817
284=(5,5,5):14;(5,4,4):18;(4,3,3):31;(4,2,2):25;(4,2,1):2;(4,1,1):1;(3,2,2):53;(3,1,1):51;(3,0,0):2;(2,1,1):9;(2,0,0):16;(1,0,0):1;E-194.4414178968635
285=(5,5,5):15;(5,4,4):10;(4,3,3):10;(4,2,2):54;(4,2,1):11;(3,2,2):55;(3,1,1):51;(3,0,0):3;(2,1,1):8;(2,0,0):9;E-195.17271449931837
286=(5,5,5):13;(5,4,4):19;(4,3,3):34;(4,2,2):14;(4,2,1):7;(4,1,1):3;(3,2,2):54;(3,1,1):47;(3,0,0):3;(2,1,1):13;(2,0,0):16;E-194.59960615438402
287=(5,5,5):13;(5,4,4):15;(4,3,3):32;(4,2,2):19;(4,2,1):8;(4,1,1):4;(3,2,2):50;(3,1,1):46;(3,0,0):1;(2,1,1):19;(2,0,0):13;E-194.13121931538623
288=(5,5,5):14;(5,4,4):18;(4,3,3):30;(4,2,2):27;(4,2,1):7;(4,1,1):3;(3,2,2):59;(3,1,1):41;(3,0,0):2;(2,1,1):12;(2,0,0):11;E-194.71438294815442
289=(5,5,5):12;(5,4,4):14;(4,4,4):1;(4,3,3):8;(4,2,2):52;(4,2,1):14;(3,2,2):45;(3,1,1):54;(3,0,0):3;(2,1,1):12;(2,0,0):10;E-194.95364597338525
290=(5,5,5):14;(5,4,4):18;(4,3,3):30;(4,2,2):27;(4,2,1):7;(4,1,1):3;(3,2,2):59;(3,1,1):41;(3,0,0):2;(2,1,1):12;(2,0,0):11;E-194.7145438424984
291=(5,5,5):10;(5,4,4):5;(4,3,3):14;(4,2,2):39;(4,2,1):8;(3,2,2):54;(3,1,1):55;(3,0,0):5;(2,1,1):3;(2,0,0):25;E-194.54066137294132
292=(5,5,5):19;(5,4,4):22;(4,3,3):33;(4,2,2):26;(4,2,1):6;(4,1,1):1;(3,2,2):62;(3,1,1):44;(3,0,0):3;(2,1,1):1;(2,0,0):12;E-194.9722755589911
293=(6,6,6):1;(5,5,5):32;(5,4,4):17;(4,3,3):41;(4,2,2):19;(4,2,1):4;(3,2,2):60;(3,1,1):23;(2,1,1):12;(2,0,0):16;(1,0,0):1;E-194.5947632945039
294=(5,5,5):14;(5,4,4):4;(4,3,3):5;(4,2,2):61;(4,2,1):10;(3,2,2):48;(3,1,1):55;(3,0,0):5;(2,1,1):8;(2,0,0):14;E-195.15999593401807
295=(5,5,5):17;(5,4,4):11;(4,3,3):17;(4,2,2):38;(4,2,1):10;(3,2,2):50;(3,1,1):47;(3,0,0):4;(2,1,1):9;(2,0,0):19;E-194.78752134708114
296=(6,6,6):1;(5,5,5):32;(5,4,4):20;(4,3,3):45;(4,2,2):11;(4,2,1):3;(3,2,2):60;(3,1,1):33;(3,0,0):1;(2,1,1):8;(2,0,0):14;E-194.4935277184263
297=(5,5,5):32;(5,4,4):24;(5,3,3):1;(4,3,3):44;(4,2,2):10;(4,2,1):3;(3,2,2):58;(3,1,1):31;(3,0,0):1;(2,1,1):12;(2,0,0):12;E-194.48338977123183
298=(5,5,5):15;(5,4,4):20;(4,3,3):31;(4,2,2):16;(4,2,1):10;(4,1,1):2;(3,2,2):54;(3,1,1):41;(3,0,0):2;(2,1,1):11;(2,0,0):20;(1,0,0):1;E-194.51654955199893
299=(6,6,6):1;(5,5,5):14;(5,4,4):19;(4,4,4):1;(4,3,3):28;(4,2,2):33;(4,2,1):5;(3,2,2):56;(3,1,1):43;(2,1,1):9;(2,0,0):16;E-194.8783611357034
300=(5,5,5):18;(5,4,4):22;(4,3,3):37;(4,2,2):14;(4,2,1):11;(4,1,1):1;(3,2,2):59;(3,1,1):36;(2,1,1):16;(2,0,0):10;E-194.12621367077077
301=(5,5,5):9;(5,4,4):16;(4,3,3):20;(4,2,2):38;(4,2,1):8;(3,2,2):48;(3,1,1):50;(3,0,0):4;(2,1,1):7;(2,0,0):22;E-194.57681608353872
302=(6,6,6):1;(5,5,5):11;(5,4,4):13;(4,3,3):23;(4,2,2):33;(4,2,1):8;(4,1,1):4;(3,2,2):49;(3,1,1):46;(3,0,0):7;(2,1,1):8;(2,0,0):19;(1,0,0):1;E-194.16485729795687
