1=(5,5,5):12;(5,4,4):6;(4,3,3):7;(4,2,2):61;(4,2,1):14;(3,2,2):48;(3,1,1):51;(3,0,0):4;(2,1,1):12;(2,0,0):10;E-195.12495910369455
3=(5,5,5):6;(5,4,4):15;(4,4,4):1;(4,3,3):16;(4,2,2):34;(4,2,1):33;(3,2,2):41;(3,1,1):43;(3,0,0):1;(2,1,1):19;(2,0,0):14;E-194.71386347895645
2=(5,5,5):11;(5,4,4):15;(4,3,3):8;(4,2,2):51;(4,2,1):14;(3,2,2):46;(3,1,1):53;(3,0,0):4;(2,1,1):12;(2,0,0):11;E-195.2490995949035
4=(6,6,6):1;(5,5,5):14;(5,4,4):8;(4,3,3):10;(4,2,2):54;(4,2,1):10;(3,2,2):57;(3,1,1):53;(3,0,0):3;(2,1,1):5;(2,0,0):11;E-195.1910519585226
5=(5,5,5):12;(5,4,4):19;(4,3,3):41;(4,2,2):8;(4,2,1):15;(4,1,1):1;(3,2,2):45;(3,1,1):41;(3,0,0):1;(2,1,1):19;(2,0,0):18;E-194.2030957614215
6=(5,5,5):16;(5,4,4):16;(4,3,3):26;(4,2,2):38;(4,2,1):11;(3,2,2):46;(3,1,1):29;(3,0,0):2;(2,1,1):15;(2,0,0):19;(1,0,0):3;E-194.42360198478193
7=(5,5,5):16;(5,4,4):8;(4,3,3):10;(4,2,2):58;(4,2,1):5;(4,1,1):1;(3,2,2):55;(3,1,1):47;(3,0,0):4;(2,1,1):6;(2,0,0):14;E-194.73480772685173
8=(5,5,5):13;(5,4,4):6;(4,3,3):10;(4,2,2):62;(4,2,1):12;(3,2,2):42;(3,1,1):53;(3,0,0):4;(2,1,1):10;(2,0,0):13;E-195.01804878009898
9=(5,5,5):4;(4,2,2):51;(4,2,1):48;(3,2,2):16;(3,1,1):56;(3,0,0):2;(2,1,1):18;(2,0,0):26;E-195.21120116085555
10=(5,5,5):17;(5,4,4):14;(4,3,3):21;(4,2,2):19;(4,2,1):5;(4,1,1):2;(3,2,2):64;(3,1,1):49;(3,0,0):9;(2,1,1):7;(2,0,0):15;E-194.52595606400345
11=(5,5,5):10;(5,4,4):12;(4,3,3):9;(4,2,2):50;(4,2,1):15;(3,2,2):44;(3,1,1):53;(3,0,0):2;(2,1,1):12;(2,0,0):16;E-195.0208109479603
12=(5,5,5):12;(5,4,4):7;(4,3,3):12;(4,2,2):46;(4,2,1):4;(3,2,2):50;(3,1,1):56;(3,0,0):5;(2,1,1):4;(2,0,0):24;E-194.62605249156897
13=(5,5,5):8;(5,4,4):8;(4,2,2):57;(4,2,1):26;(3,2,2):35;(3,1,1):59;(3,0,0):2;(2,1,1):17;(2,0,0):11;E-195.15645227451026
14=(5,5,5):14;(5,4,4):4;(4,3,3):7;(4,2,2):61;(4,2,1):8;(3,2,2):50;(3,1,1):51;(3,0,0):7;(2,1,1):6;(2,0,0):16;E-195.15208705204003
15=(5,5,5):3;(5,4,4):2;(4,3,3):2;(4,2,2):47;(4,2,1):48;(3,2,2):15;(3,1,1):54;(3,0,0):2;(2,1,1):21;(2,0,0):24;(1,0,0):1;E-194.91235156617765
16=(5,5,5):13;(5,4,4):11;(4,3,3):9;(4,2,2):52;(4,2,1):14;(3,2,2):45;(3,1,1):53;(3,0,0):4;(2,1,1):9;(2,0,0):15;E-194.98344269962456
17=(5,5,5):14;(5,4,4):8;(5,3,2):1;(4,3,3):11;(4,2,2):55;(4,2,1):10;(4,1,1):2;(3,2,2):41;(3,1,1):47;(3,0,0):5;(2,1,1):15;(2,0,0):14;(1,0,0):1;E-194.68481763485644
18=(5,5,5):4;(5,4,4):4;(4,3,3):4;(4,2,2):50;(4,2,1):38;(4,1,1):1;(3,2,2):21;(3,1,1):52;(3,0,0):3;(2,1,1):17;(2,0,0):26;E-194.94810040347465
19=(5,5,5):12;(5,4,4):9;(4,3,3):4;(4,2,2):58;(4,2,1):17;(3,2,2):45;(3,1,1):49;(3,0,0):3;(2,1,1):17;(2,0,0):9;(1,0,0):1;E-195.09729004024172
20=(5,5,5):13;(5,4,4):7;(4,3,3):4;(4,2,2):59;(4,2,1):12;(3,2,2):48;(3,1,1):54;(3,0,0):6;(2,1,1):11;(2,0,0):9;(1,0,0):1;E-195.22919229271932
21=(5,5,5):11;(5,4,4):13;(4,4,4):1;(4,3,3):12;(4,2,2):50;(4,2,1):13;(3,2,2):44;(3,1,1):53;(3,0,0):2;(2,1,1):12;(2,0,0):13;E-195.02319262028655
22=(6,6,6):1;(5,5,5):14;(5,4,4):8;(4,3,3):10;(4,2,2):54;(4,2,1):10;(3,2,2):57;(3,1,1):53;(3,0,0):3;(2,1,1):5;(2,0,0):11;E-195.1765476879518
23=(5,5,5):7;(5,4,4):11;(4,3,3):25;(4,2,2):30;(4,2,1):22;(4,1,1):4;(3,2,2):32;(3,1,1):52;(3,0,0):2;(2,1,1):12;(2,0,0):24;E-194.22989959682698
24=(5,5,5):4;(4,2,2):51;(4,2,1):49;(3,2,2):16;(3,1,1):53;(3,0,0):2;(2,1,1):25;(2,0,0):20;E-194.8992512650623
25=(5,5,5):12;(5,4,4):13;(4,3,3):12;(4,2,2):45;(4,2,1):13;(4,1,1):2;(3,2,2):45;(3,1,1):54;(3,0,0):3;(2,1,1):10;(2,0,0):14;(1,0,0):1;E-195.06606677454624
26=(5,5,5):11;(5,4,4):13;(4,3,3):7;(4,2,2):52;(4,2,1):18;(3,2,2):44;(3,1,1):55;(3,0,0):2;(2,1,1):15;(2,0,0):8;E-195.12174813056083
27=(5,5,5):11;(5,4,4):13;(4,3,3):9;(4,2,2):52;(4,2,1):16;(3,2,2):40;(3,1,1):54;(3,0,0):3;(2,1,1):16;(2,0,0):10;E-194.92329429420604
28=(5,5,5):14;(5,4,4):5;(4,3,3):4;(4,2,2):62;(4,2,1):8;(3,2,2):49;(3,1,1):52;(3,0,0):5;(2,1,1):10;(2,0,0):11;(1,0,0):2;E-194.8772595281059
29=(5,5,5):12;(5,4,4):6;(4,3,3):5;(4,2,2):61;(4,2,1):16;(3,2,2):46;(3,1,1):55;(3,0,0):2;(2,1,1):14;(2,0,0):8;E-195.11954478634522
30=(5,5,5):15;(5,4,4):12;(4,4,4):1;(4,3,3):11;(4,2,2):57;(4,2,1):4;(3,2,2):52;(3,1,1):49;(3,0,0):4;(2,1,1):9;(2,0,0):9;(1,0,0):2;E-194.95822206413357
31=(5,5,5):12;(5,4,4):21;(4,3,3):40;(4,2,2):8;(4,2,1):7;(3,2,2):44;(3,1,1):41;(2,1,1):15;(2,0,0):28;E-193.3897403858279
32=(5,5,5):16;(5,4,4):7;(4,3,3):6;(4,2,2):58;(4,2,1):10;(3,2,2):57;(3,1,1):52;(3,0,0):5;(2,1,1):4;(2,0,0):11;E-195.15210291119396
33=(5,5,5):15;(5,4,4):18;(4,3,3):24;(4,2,2):23;(4,2,1):7;(4,1,1):3;(3,2,2):55;(3,1,1):43;(3,0,0):6;(2,1,1):9;(2,0,0):19;(1,0,0):1;E-194.41921253081267
34=(5,5,5):10;(5,4,4):13;(4,3,3):7;(4,2,2):52;(4,2,1):14;(4,1,1):1;(3,2,2):46;(3,1,1):57;(3,0,0):4;(2,1,1):9;(2,0,0):12;E-195.10181525236857
35=(5,5,5):10;(5,4,4):6;(4,3,3):4;(4,2,2):58;(4,2,1):20;(3,2,2):43;(3,1,1):50;(3,0,0):3;(2,1,1):18;(2,0,0):10;(1,0,0):1;E-195.10920941308257
36=(5,5,5):7;(5,4,4):9;(4,3,3):22;(4,2,2):28;(4,2,1):17;(4,1,1):2;(3,2,2):43;(3,1,1):49;(3,0,0):3;(2,1,1):14;(2,0,0):24;E-194.2208039946599
37=(5,5,5):4;(4,3,3):2;(4,2,2):52;(4,2,1):48;(3,2,2):14;(3,1,1):51;(3,0,0):2;(2,1,1):25;(2,0,0):22;E-194.86349323243093
38=(5,5,5):14;(5,4,4):12;(4,3,3):15;(4,2,2):48;(4,2,1):9;(4,1,1):1;(3,2,2):47;(3,1,1):47;(3,0,0):4;(2,1,1):13;(2,0,0):13;E-194.6451973248503
39=(5,5,5):22;(5,4,4):12;(4,3,3):10;(4,2,2):61;(4,2,1):7;(3,2,2):46;(3,1,1):48;(3,0,0):2;(2,1,1):16;(2,0,0):4;E-194.91909647320605
40=(5,5,5):5;(5,4,4):7;(4,3,3):8;(4,2,2):50;(4,2,1):36;(3,2,2):26;(3,1,1):47;(3,0,0):3;(2,1,1):18;(2,0,0):22;E-194.99687833301206
41=(5,5,5):4;(4,2,2):51;(4,2,1):48;(3,2,2):16;(3,1,1):55;(3,0,0):3;(2,1,1):19;(2,0,0):25;E-195.16517159994055
42=(5,5,5):14;(5,4,4):18;(4,4,4):1;(4,3,3):25;(4,2,2):36;(4,2,1):8;(3,2,2):59;(3,1,1):46;(3,0,0):2;(2,1,1):7;(2,0,0):10;E-194.5705729791248
43=(6,6,6):1;(5,5,5):14;(5,4,4):8;(4,3,3):10;(4,2,2):54;(4,2,1):10;(3,2,2):57;(3,1,1):53;(3,0,0):3;(2,1,1):5;(2,0,0):11;E-195.1782375635705
44=(5,5,5):11;(5,4,4):10;(4,3,3):4;(4,2,2):59;(4,2,1):15;(3,2,2):37;(3,1,1):59;(3,0,0):6;(2,1,1):8;(2,0,0):16;E-195.10517643561107
45=(5,5,5):15;(5,4,4):10;(4,4,4):1;(4,3,3):13;(4,2,2):52;(4,2,1):8;(3,2,2):53;(3,1,1):47;(3,0,0):7;(2,1,1):7;(2,0,0):12;E-194.8618410423019
46=(5,5,5):21;(5,4,4):14;(4,3,3):35;(4,2,2):28;(4,2,1):6;(3,2,2):52;(3,1,1):28;(3,0,0):6;(2,1,1):14;(2,0,0):17;E-194.1509978180515
47=(5,5,5):13;(5,4,4):6;(4,3,3):10;(4,2,2):61;(4,2,1):15;(3,2,2):43;(3,1,1):47;(3,0,0):4;(2,1,1):16;(2,0,0):9;E-194.69959127347025
48=(5,5,5):4;(4,3,3):2;(4,2,2):52;(4,2,1):48;(3,2,2):14;(3,1,1):51;(3,0,0):2;(2,1,1):25;(2,0,0):22;E-194.89896223995262
49=(5,5,5):12;(5,4,4):9;(4,3,3):4;(4,2,2):57;(4,2,1):12;(3,2,2):43;(3,1,1):55;(3,0,0):8;(2,1,1):9;(2,0,0):12;(1,0,0):2;E-194.9807736402404
50=(5,5,5):14;(5,4,4):4;(4,3,3):7;(4,2,2):61;(4,2,1):8;(3,2,2):50;(3,1,1):51;(3,0,0):7;(2,1,1):6;(2,0,0):16;E-195.15139698619905
51=(5,5,5):10;(5,4,4):6;(4,3,3):4;(4,2,2):58;(4,2,1):20;(3,2,2):43;(3,1,1):50;(3,0,0):3;(2,1,1):18;(2,0,0):10;(1,0,0):1;E-195.10646262397267
52=(5,5,5):19;(5,4,4):15;(5,3,3):1;(4,3,3):41;(4,2,2):16;(4,2,1):6;(3,2,2):57;(3,1,1):43;(3,0,0):4;(2,1,1):4;(2,0,0):18;E-194.12656094258452
53=(5,5,5):10;(5,4,4):10;(4,3,3):14;(4,2,2):41;(4,2,1):28;(4,1,1):2;(3,2,2):37;(3,1,1):43;(3,0,0):2;(2,1,1):19;(2,0,0):16;E-194.57566417839467
54=(5,5,5):14;(5,4,4):8;(4,4,4):1;(4,3,3):10;(4,2,2):54;(4,2,1):10;(4,1,1):1;(3,2,2):50;(3,1,1):51;(3,0,0):3;(2,1,1):10;(2,0,0):11;E-194.74724119696256
55=(5,5,5):14;(5,4,4):6;(4,3,3):7;(4,2,2):61;(4,2,1):12;(3,2,2):53;(3,1,1):51;(3,0,0):4;(2,1,1):8;(2,0,0):10;E-195.12105252919466
56=(5,5,5):15;(5,4,4):10;(4,3,3):10;(4,2,2):54;(4,2,1):11;(3,2,2):55;(3,1,1):51;(3,0,0):3;(2,1,1):8;(2,0,0):9;E-195.17418693029722
57=(5,5,5):6;(5,4,4):9;(4,3,3):6;(4,2,2):44;(4,2,1):36;(3,2,2):31;(3,1,1):43;(3,0,0):5;(2,1,1):17;(2,0,0):22;(1,0,0):1;E-194.74248058991796
58=(5,5,5):10;(5,4,4):12;(4,4,4):1;(4,3,3):9;(4,2,2):54;(4,2,1):18;(3,2,2):42;(3,1,1):47;(3,0,0):6;(2,1,1):16;(2,0,0):9;(1,0,0):1;E-195.09827704778812
59=(6,6,6):1;(5,5,5):14;(5,4,4):8;(4,3,3):10;(4,2,2):54;(4,2,1):10;(3,2,2):57;(3,1,1):53;(3,0,0):3;(2,1,1):5;(2,0,0):11;E-195.17931409194497
60=(5,5,5):12;(5,4,4):6;(4,3,3):5;(4,2,2):61;(4,2,1):16;(3,2,2):46;(3,1,1):55;(3,0,0):2;(2,1,1):14;(2,0,0):8;E-195.1205825673576
61=(5,5,5):4;(4,3,3):1;(4,2,2):53;(4,2,1):48;(3,2,2):15;(3,1,1):50;(3,0,0):2;(2,1,1):25;(2,0,0):22;E-194.85849350349872
62=(5,5,5):13;(5,4,4):11;(4,3,3):15;(4,2,2):47;(4,2,1):9;(3,2,2):53;(3,1,1):55;(3,0,0):2;(2,1,1):5;(2,0,0):15;E-195.08587807007456
63=(5,5,5):16;(5,4,4):13;(4,3,3):17;(4,2,2):47;(4,2,1):7;(4,1,1):1;(3,2,2):37;(3,1,1):47;(3,0,0):7;(2,1,1):13;(2,0,0):18;E-194.6602406146203
64=(5,5,5):25;(5,4,4):25;(4,3,3):38;(4,2,2):26;(4,2,1):10;(3,2,2):52;(3,1,1):22;(2,1,1):21;(2,0,0):5;(1,0,0):2;E-193.97730500509425
65=(5,5,5):11;(5,4,4):12;(4,3,3):14;(4,2,2):40;(4,2,1):13;(3,2,2):48;(3,1,1):49;(3,0,0):3;(2,1,1):12;(2,0,0):20;E-194.9324791933728
66=(5,5,5):11;(5,4,4):9;(4,3,3):2;(4,2,2):58;(4,2,1):16;(4,1,1):1;(3,2,2):42;(3,1,1):55;(3,0,0):2;(2,1,1):11;(2,0,0):16;E-194.86766834293513
67=(5,5,5):3;(5,4,4):8;(4,3,3):8;(4,2,2):45;(4,2,1):39;(3,2,2):26;(3,1,1):48;(3,0,0):2;(2,1,1):21;(2,0,0):21;E-194.78802022527177
68=(6,6,6):1;(5,5,5):13;(5,4,4):11;(4,3,3):15;(4,2,2):47;(4,2,1):8;(3,2,2):56;(3,1,1):49;(3,0,0):5;(2,1,1):7;(2,0,0):12;E-194.7701441857234
69=(5,5,5):12;(5,4,4):11;(4,3,3):13;(4,2,2):49;(4,2,1):9;(3,2,2):45;(3,1,1):53;(3,0,0):4;(2,1,1):12;(2,0,0):15;E-194.98520824073964
70=(5,5,5):17;(5,4,4):18;(4,3,3):44;(4,2,2):12;(4,2,1):7;(3,2,2):52;(3,1,1):34;(3,0,0):1;(2,1,1):15;(2,0,0):20;(1,0,0):1;E-194.1555307312341
71=(5,5,5):13;(5,4,4):6;(4,3,3):5;(4,2,2):55;(4,2,1):9;(4,1,1):1;(3,2,2):47;(3,1,1):51;(3,0,0):5;(2,1,1):6;(2,0,0):20;(1,0,0):2;E-194.45396712302139
72=(5,5,5):4;(4,2,2):51;(4,2,1):50;(3,2,2):16;(3,1,1):51;(3,0,0):2;(2,1,1):25;(2,0,0):21;E-194.89198987221215
73=(5,5,5):17;(5,4,4):20;(4,3,3):38;(4,2,2):16;(4,2,1):11;(3,2,2):57;(3,1,1):33;(3,0,0):1;(2,1,1):12;(2,0,0):15;(1,0,0):2;E-193.85042878170427
74=(6,6,6):1;(5,5,5):14;(5,4,4):7;(4,3,3):14;(4,2,2):53;(4,2,1):7;(3,2,2):53;(3,1,1):52;(3,0,0):2;(2,1,1):8;(2,0,0):12;E-194.63614609423348
75=(6,6,6):1;(5,5,5):10;(5,4,4):9;(4,3,3):12;(4,2,2):43;(4,2,1):33;(3,2,2):30;(3,1,1):41;(3,0,0):1;(2,1,1):21;(2,0,0):21;E-194.74280842524655
76=(5,5,5):10;(5,4,4):8;(4,3,3):3;(4,2,2):57;(4,2,1):18;(3,2,2):40;(3,1,1):58;(3,0,0):6;(2,1,1):11;(2,0,0):13;E-195.15573563081713
77=(5,5,5):6;(5,4,4):4;(4,3,3):6;(4,2,2):52;(4,2,1):34;(3,2,2):29;(3,1,1):51;(3,0,0):3;(2,1,1):15;(2,0,0):22;E-195.05280165524505
78=(5,5,5):12;(5,4,4):8;(4,3,3):9;(4,2,2):61;(4,2,1):11;(4,1,1):2;(3,2,2):47;(3,1,1):45;(3,0,0):4;(2,1,1):16;(2,0,0):7;(1,0,0):2;E-194.90260747576667
79=(5,5,5):13;(5,4,4):16;(4,3,3):13;(4,2,2):47;(4,2,1):9;(4,1,1):3;(3,2,2):45;(3,1,1):47;(3,0,0):3;(2,1,1):12;(2,0,0):16;E-194.72430435817148
80=(6,6,6):1;(5,5,5):11;(5,4,4):13;(4,3,3):14;(4,2,2):50;(4,2,1):8;(3,2,2):53;(3,1,1):55;(3,0,0):3;(2,1,1):6;(2,0,0):12;E-195.0496837996013
81=(5,5,5):9;(5,4,4):8;(4,3,3):5;(4,2,2):47;(4,2,1):21;(3,2,2):42;(3,1,1):48;(3,0,0):6;(2,1,1):18;(2,0,0):15;(1,0,0):1;E-194.70057211191389
82=(6,6,6):1;(5,5,5):15;(5,4,4):8;(4,3,3):15;(4,2,2):52;(4,2,1):7;(3,2,2):59;(3,1,1):50;(3,0,0):3;(2,1,1):6;(2,0,0):9;E-194.73850723811964
83=(5,5,5):14;(5,4,4):4;(4,3,3):5;(4,2,2):61;(4,2,1):10;(3,2,2):48;(3,1,1):55;(3,0,0):5;(2,1,1):8;(2,0,0):14;E-195.1611772771054
84=(5,5,5):14;(5,4,4):12;(4,3,3):14;(4,2,2):55;(4,2,1):10;(3,2,2):45;(3,1,1):49;(3,0,0):3;(2,1,1):15;(2,0,0):8;E-194.76715557618246
85=(5,5,5):6;(5,4,4):4;(4,3,3):3;(4,2,2):48;(4,2,1):35;(4,1,1):1;(3,2,2):27;(3,1,1):52;(3,0,0):4;(2,1,1):14;(2,0,0):25;(1,0,0):1;E-194.7828272013331
86=(5,5,5):11;(5,4,4):4;(4,3,3):10;(4,2,2):58;(4,2,1):8;(3,2,2):50;(3,1,1):47;(3,0,0):9;(2,1,1):10;(2,0,0):15;E-194.8242007719463
87=(5,5,5):4;(5,4,4):3;(4,3,3):4;(4,2,2):50;(4,2,1):44;(4,1,1):1;(3,2,2):15;(3,1,1):50;(3,0,0):3;(2,1,1):23;(2,0,0):24;E-194.8911841663117
88=(5,5,5):13;(5,4,4):15;(4,4,4):1;(4,3,3):13;(4,2,2):50;(4,2,1):10;(3,2,2):47;(3,1,1):53;(3,0,0):2;(2,1,1):9;(2,0,0):13;E-195.07806468636556
89=(5,5,5):22;(5,4,4):8;(4,3,3):18;(4,2,2):49;(4,2,1):2;(3,2,2):45;(3,1,1):36;(3,0,0):7;(2,1,1):14;(2,0,0):19;E-194.3992435184488
90=(5,5,5):12;(5,4,4):6;(4,2,2):60;(4,2,1):17;(3,2,2):45;(3,1,1):58;(3,0,0):3;(2,1,1):10;(2,0,0):13;E-195.03045680211147
91=(5,5,5):4;(4,2,2):53;(4,2,1):48;(3,2,2):17;(3,1,1):50;(3,0,0):2;(2,1,1):24;(2,0,0):22;E-194.8882302145067
92=(5,5,5):11;(5,4,4):22;(4,3,3):24;(4,2,2):37;(4,2,1):10;(4,1,1):1;(3,2,2):49;(3,1,1):32;(3,0,0):6;(2,1,1):16;(2,0,0):13;(1,0,0):2;E-194.5061490787644
93=(6,6,6):1;(5,5,5):21;(5,4,4):18;(5,3,2):1;(4,3,3):26;(4,2,2):32;(4,2,1):1;(3,2,2):59;(3,1,1):45;(3,0,0):2;(2,1,1):5;(2,0,0):14;E-194.33000363650558
94=(5,5,5):7;(5,4,4):10;(4,3,3):12;(4,2,2):44;(4,2,1):16;(4,1,1):5;(3,2,2):41;(3,1,1):48;(3,0,0):6;(2,1,1):12;(2,0,0):17;(1,0,0):2;E-194.39414468126898
95=(5,5,5):10;(5,4,4):6;(4,3,3):4;(4,2,2):61;(4,2,1):20;(3,2,2):40;(3,1,1):51;(3,0,0):6;(2,1,1):17;(2,0,0):8;(1,0,0):1;E-195.10882145371565
96=(5,5,5):11;(5,4,4):16;(4,3,3):11;(4,2,2):50;(4,2,1):16;(3,2,2):44;(3,1,1):51;(3,0,0):3;(2,1,1):15;(2,0,0):8;E-194.95940374831147
97=(5,5,5):11;(5,4,4):16;(4,3,3):28;(4,2,2):31;(4,2,1):15;(4,1,1):1;(3,2,2):41;(3,1,1):42;(2,1,1):18;(2,0,0):18;E-194.30596719494218
98=(5,5,5):6;(5,4,4):9;(4,3,3):9;(4,2,2):46;(4,2,1):10;(4,1,1):6;(3,2,2):44;(3,1,1):54;(3,0,0):8;(2,1,1):13;(2,0,0):16;E-194.7186002877777
99=(5,5,5):13;(5,4,4):16;(4,4,4):1;(4,3,3):19;(4,2,2):42;(4,2,1):7;(3,2,2):55;(3,1,1):53;(3,0,0):1;(2,1,1):5;(2,0,0):14;E-195.08665086828816
100=(5,5,5):12;(5,4,4):6;(4,3,3):7;(4,2,2):59;(4,2,1):13;(4,1,1):1;(3,2,2):47;(3,1,1):52;(3,0,0):4;(2,1,1):12;(2,0,0):11;E-195.1064174859282
101=(5,5,5):8;(5,4,4):9;(4,3,3):15;(4,2,2):51;(4,2,1):24;(4,1,1):1;(3,2,2):35;(3,1,1):34;(3,0,0):2;(2,1,1):20;(2,0,0):21;E-194.31895923943605
102=(6,6,6):1;(5,5,5):14;(5,4,4):18;(4,3,3):20;(4,2,2):39;(4,2,1):7;(3,2,2):55;(3,1,1):40;(3,0,0):2;(2,1,1):12;(2,0,0):14;(1,0,0):1;E-194.62969938659597
103=(6,6,6):1;(5,5,5):13;(5,4,4):10;(4,4,4):1;(4,3,3):16;(4,2,2):46;(4,2,1):12;(3,2,2):57;(3,1,1):48;(3,0,0):2;(2,1,1):9;(2,0,0):8;(1,0,0):1;E-194.80069240786838
104=(5,5,5):6;(5,4,4):6;(4,3,3):9;(4,2,2):54;(4,2,1):30;(3,2,2):30;(3,1,1):42;(3,0,0):1;(2,1,1):21;(2,0,0):21;E-194.50657293186325
105=(5,5,5):4;(4,3,3):1;(4,2,2):52;(4,2,1):48;(3,2,2):16;(3,1,1):51;(3,0,0):2;(2,1,1):24;(2,0,0):22;E-194.89402631741083
106=(5,5,5):13;(5,4,4):7;(4,3,3):9;(4,2,2):60;(4,2,1):12;(3,2,2):43;(3,1,1):55;(3,0,0):4;(2,1,1):9;(2,0,0):13;E-194.98219012269988
107=(5,5,5):12;(5,4,4):6;(4,3,3):10;(4,2,2):55;(4,2,1):13;(3,2,2):45;(3,1,1):49;(3,0,0):5;(2,1,1):13;(2,0,0):14;E-194.7490094013736
108=(5,5,5):4;(4,2,2):49;(4,2,1):47;(4,1,1):1;(3,2,2):15;(3,1,1):54;(3,0,0):2;(2,1,1):21;(2,0,0):27;E-194.8836916410925
109=(5,5,5):15;(5,4,4):6;(4,3,3):9;(4,2,2):61;(4,2,1):8;(3,2,2):47;(3,1,1):53;(3,0,0):5;(2,1,1):9;(2,0,0):12;E-195.15887805741687
110=(5,5,5):4;(4,2,2):51;(4,2,1):49;(3,2,2):16;(3,1,1):53;(3,0,0):2;(2,1,1):25;(2,0,0):20;E-194.89476191610822
111=(5,5,5):13;(5,4,4):6;(4,3,3):10;(4,2,2):61;(4,2,1):15;(3,2,2):43;(3,1,1):47;(3,0,0):4;(2,1,1):16;(2,0,0):9;E-194.6994530856327
112=(5,5,5):15;(5,4,4):9;(4,3,3):8;(4,2,2):55;(4,2,1):9;(4,1,1):1;(3,2,2):55;(3,1,1):47;(3,0,0):8;(2,1,1):5;(2,0,0):14;E-195.0050187421835
113=(5,5,5):6;(5,4,4):22;(4,3,3):30;(4,2,2):19;(4,2,1):11;(4,1,1):3;(3,2,2):41;(3,1,1):46;(3,0,0):4;(2,1,1):21;(2,0,0):15;(1,0,0):1;E-193.71506666416286
114=(5,5,5):10;(5,4,4):14;(4,4,4):1;(4,3,3):8;(4,2,2):48;(4,2,1):18;(3,2,2):41;(3,1,1):55;(3,0,0):6;(2,1,1):11;(2,0,0):13;E-195.17976246144767
115=(5,5,5):12;(5,4,4):11;(4,3,3):14;(4,2,2):45;(4,2,1):10;(4,1,1):2;(3,2,2):50;(3,1,1):45;(3,0,0):6;(2,1,1):11;(2,0,0):16;E-194.71999506316038
116=(5,5,5):12;(5,4,4):6;(4,3,3):10;(4,2,2):54;(4,2,1):13;(3,2,2):46;(3,1,1):50;(3,0,0):5;(2,1,1):12;(2,0,0):14;E-194.83141644542437
117=(5,5,5):18;(5,4,4):15;(4,3,3):19;(4,2,2):37;(4,2,1):6;(4,1,1):4;(3,2,2):54;(3,1,1):48;(3,0,0):5;(2,1,1):9;(2,0,0):10;(1,0,0):1;E-194.94010935035152
118=(5,5,5):10;(5,4,4):4;(4,3,3):16;(4,2,2):41;(4,2,1):13;(4,1,1):4;(3,2,2):45;(3,1,1):51;(3,0,0):6;(2,1,1):17;(2,0,0):13;E-194.79980728090428
119=(5,5,5):4;(4,2,2):51;(4,2,1):49;(3,2,2):16;(3,1,1):53;(3,0,0):2;(2,1,1):25;(2,0,0):20;E-194.89418694969646
120=(5,5,5):10;(5,4,4):8;(4,3,3):5;(4,2,2):58;(4,2,1):18;(3,2,2):38;(3,1,1):53;(3,0,0):6;(2,1,1):18;(2,0,0):9;E-194.83885777023963
121=(5,5,5):12;(5,4,4):14;(4,3,3):9;(4,2,2):53;(4,2,1):10;(4,1,1):1;(3,2,2):46;(3,1,1):58;(3,0,0):3;(2,1,1):6;(2,0,0):14;E-195.05612385790795
122=(5,5,5):16;(5,4,4):8;(4,3,3):10;(4,2,2):58;(4,2,1):5;(4,1,1):1;(3,2,2):55;(3,1,1):47;(3,0,0):4;(2,1,1):6;(2,0,0):14;E-194.69277934877167
123=(5,5,5):14;(5,4,4):11;(4,3,3):20;(4,2,2):37;(4,2,1):7;(4,1,1):5;(3,2,2):54;(3,1,1):45;(3,0,0):7;(2,1,1):12;(2,0,0):11;E-194.83582208058283
124=(6,6,6):1;(5,5,5):11;(5,4,4):9;(4,3,3):33;(4,2,2):39;(4,2,1):10;(3,2,2):38;(3,1,1):43;(3,0,0):4;(2,1,1):19;(2,0,0):13;E-194.31279701200089
125=(5,5,5):14;(5,4,4):7;(4,3,3):6;(4,2,2):58;(4,2,1):8;(3,2,2):49;(3,1,1):54;(3,0,0):5;(2,1,1):8;(2,0,0):12;(1,0,0):2;E-194.91747920936157
126=(5,5,5):6;(5,4,4):4;(4,3,3):4;(4,2,2):52;(4,2,1):39;(3,2,2):21;(3,1,1):42;(3,0,0):2;(2,1,1):24;(2,0,0):25;E-194.672396853129
127=(5,5,5):12;(5,4,4):6;(4,3,3):8;(4,2,2):55;(4,2,1):11;(3,2,2):46;(3,1,1):51;(3,0,0):5;(2,1,1):13;(2,0,0):14;(1,0,0):1;E-194.86322614573066
128=(5,5,5):13;(5,4,4):12;(4,3,3):15;(4,2,2):50;(4,2,1):9;(3,2,2):50;(3,1,1):48;(3,0,0):1;(2,1,1):14;(2,0,0):11;E-194.74779475945647
129=(5,5,5):14;(5,4,4):12;(4,4,4):1;(4,3,3):14;(4,2,2):54;(4,2,1):10;(4,1,1):1;(3,2,2):48;(3,1,1):48;(3,0,0):3;(2,1,1):13;(2,0,0):8;E-195.03234403663993
130=(5,5,5):12;(5,4,4):7;(4,3,3):9;(4,2,2):60;(4,2,1):11;(4,1,1):1;(3,2,2):48;(3,1,1):49;(3,0,0):5;(2,1,1):11;(2,0,0):12;E-195.10245621453439
131=(5,5,5):14;(5,4,4):5;(4,3,3):6;(4,2,2):60;(4,2,1):13;(4,1,1):1;(3,2,2):50;(3,1,1):55;(3,0,0):2;(2,1,1):10;(2,0,0):9;E-195.11272541459363
132=(5,5,5):6;(5,4,4):2;(4,3,3):2;(4,2,2):45;(4,2,1):46;(3,2,2):20;(3,1,1):47;(3,0,0):4;(2,1,1):23;(2,0,0):23;E-194.6238349842068
133=(5,5,5):12;(5,4,4):8;(4,3,3):9;(4,2,2):52;(4,2,1):11;(4,1,1):1;(3,2,2):50;(3,1,1):52;(3,0,0):5;(2,1,1):10;(2,0,0):13;E-194.95893190784898
134=(5,5,5):13;(5,4,4):14;(4,3,3):22;(4,2,2):20;(4,2,1):25;(4,1,1):2;(3,2,2):45;(3,1,1):50;(2,1,1):19;(2,0,0):10;(1,0,0):2;E-194.5791410554363
135=(5,5,5):13;(5,4,4):6;(4,3,3):8;(4,2,2):54;(4,2,1):9;(4,1,1):1;(3,2,2):45;(3,1,1):53;(3,0,0):7;(2,1,1):7;(2,0,0):19;E-194.88597308596823
136=(5,5,5):11;(5,4,4):10;(4,3,3):4;(4,2,2):55;(4,2,1):12;(3,2,2):41;(3,1,1):58;(3,0,0):6;(2,1,1):9;(2,0,0):17;E-195.05378754850216
137=(5,5,5):12;(5,4,4):6;(4,3,3):7;(4,2,2):61;(4,2,1):14;(3,2,2):48;(3,1,1):51;(3,0,0):4;(2,1,1):12;(2,0,0):10;E-195.12553552477218
138=(5,5,5):3;(5,4,4):4;(4,3,3):5;(4,2,2):45;(4,2,1):42;(3,2,2):17;(3,1,1):51;(3,0,0):5;(2,1,1):19;(2,0,0):27;E-194.53974796164206
139=(5,5,5):12;(5,4,4):16;(4,3,3):21;(4,2,2):43;(4,2,1):9;(3,2,2):50;(3,1,1):48;(3,0,0):2;(2,1,1):11;(2,0,0):11;(1,0,0):1;E-194.5957677503314
140=(5,5,5):14;(5,4,4):15;(5,3,2):1;(4,3,3):27;(4,2,2):29;(4,2,1):14;(4,1,1):2;(3,2,2):44;(3,1,1):34;(3,0,0):4;(2,1,1):20;(2,0,0):13;(1,0,0):3;E-193.8678275817408
141=(5,5,5):12;(5,4,4):7;(4,3,3):9;(4,2,2):50;(4,2,1):7;(4,1,1):2;(3,2,2):40;(3,1,1):52;(3,0,0):8;(2,1,1):9;(2,0,0):23;(1,0,0):1;E-194.61579770146525
142=(5,5,5):3;(5,4,4):9;(4,3,3):16;(4,2,2):40;(4,2,1):23;(4,1,1):1;(3,2,2):24;(3,1,1):49;(3,0,0):3;(2,1,1):19;(2,0,0):29;(1,0,0):1;E-194.38422991436457
143=(5,5,5):10;(5,4,4):7;(4,3,3):4;(4,2,2):56;(4,2,1):12;(3,2,2):39;(3,1,1):58;(3,0,0):8;(2,1,1):10;(2,0,0):18;E-195.10683456837864
144=(5,5,5):11;(5,4,4):16;(4,3,3):28;(4,2,2):22;(4,2,1):12;(4,1,1):1;(3,2,2):44;(3,1,1):43;(3,0,0):3;(2,1,1):11;(2,0,0):26;(1,0,0):1;E-193.95187626487896
145=(5,5,5):13;(5,4,4):8;(4,3,3):9;(4,2,2):61;(4,2,1):14;(3,2,2):45;(3,1,1):53;(3,0,0):2;(2,1,1):15;(2,0,0):6;E-195.11833152822405
146=(5,5,5):4;(5,4,4):5;(4,3,3):6;(4,2,2):40;(4,2,1):45;(4,1,1):1;(3,2,2):18;(3,1,1):52;(3,0,0):5;(2,1,1):19;(2,0,0):25;E-194.58912981727028
147=(5,5,5):11;(5,4,4):14;(4,3,3):10;(4,2,2):52;(4,2,1):14;(3,2,2):44;(3,1,1):52;(3,0,0):4;(2,1,1):13;(2,0,0):11;E-194.97138921646243
148=(5,5,5):22;(5,4,4):17;(5,3,3):1;(4,3,3):40;(4,2,2):14;(4,2,1):1;(4,1,1):1;(3,2,2):64;(3,1,1):31;(2,1,1):13;(2,0,0):15;(1,0,0):3;E-194.08664996055347
149=(5,5,5):14;(5,4,4):13;(4,3,3):15;(4,2,2):50;(4,2,1):8;(3,2,2):42;(3,1,1):51;(3,0,0):4;(2,1,1):14;(2,0,0):14;E-194.98563594018998
150=(5,5,5):2;(5,4,4):19;(4,3,3):24;(4,2,2):25;(4,2,1):36;(4,1,1):1;(3,2,2):37;(3,1,1):55;(2,1,1):16;(2,0,0):10;E-194.8124526963685
151=(5,5,5):15;(5,4,4):9;(4,3,3):23;(4,2,2):35;(4,2,1):4;(3,2,2):51;(3,1,1):49;(3,0,0):2;(2,1,1):11;(2,0,0):21;E-194.34617680187515
152=(5,5,5):13;(5,4,4):16;(4,3,3):35;(4,2,2):18;(4,2,1):9;(4,1,1):4;(3,2,2):48;(3,1,1):36;(3,0,0):5;(2,1,1):14;(2,0,0):21;(1,0,0):1;E-194.12740788630128
153=(5,5,5):10;(5,4,4):8;(4,3,3):3;(4,2,2):57;(4,2,1):18;(3,2,2):40;(3,1,1):58;(3,0,0):6;(2,1,1):11;(2,0,0):13;E-195.15270657019445
154=(5,5,5):12;(5,4,4):4;(4,3,3):16;(4,2,2):56;(4,2,1):11;(3,2,2):44;(3,1,1):49;(3,0,0):7;(2,1,1):7;(2,0,0):16;(1,0,0):1;E-194.66843102821187
155=(5,5,5):13;(5,4,4):13;(4,3,3):23;(4,2,2):24;(4,2,1):18;(4,1,1):1;(3,2,2):51;(3,1,1):50;(3,0,0):5;(2,1,1):9;(2,0,0):16;E-194.62529531908314
156=(6,6,6):1;(5,5,5):21;(5,4,4):14;(5,3,2):1;(4,3,3):37;(4,2,2):16;(4,2,1):9;(3,2,2):47;(3,1,1):31;(3,0,0):4;(2,1,1):18;(2,0,0):18;(1,0,0):1;E-193.0670029843818
157=(5,5,5):12;(5,4,4):14;(4,4,4):1;(4,3,3):7;(4,2,2):51;(4,2,1):17;(3,2,2):45;(3,1,1):52;(3,0,0):3;(2,1,1):13;(2,0,0):10;E-194.91213390780996
158=(6,6,6):1;(5,5,5):13;(5,4,4):10;(4,3,3):10;(4,2,2):49;(4,2,1):11;(3,2,2):49;(3,1,1):39;(3,0,0):4;(2,1,1):16;(2,0,0):17;(1,0,0):1;E-194.41043429352996
159=(5,5,5):4;(4,2,2):49;(4,2,1):47;(4,1,1):1;(3,2,2):15;(3,1,1):54;(3,0,0):2;(2,1,1):21;(2,0,0):27;E-194.8847031338399
160=(5,5,5):4;(4,2,2):49;(4,2,1):47;(3,2,2):18;(3,1,1):54;(3,0,0):3;(2,1,1):22;(2,0,0):22;E-194.86264534390065
161=(5,5,5):15;(5,4,4):4;(4,3,3):6;(4,2,2):56;(4,2,1):5;(4,1,1):1;(3,2,2):49;(3,1,1):50;(3,0,0):9;(2,1,1):4;(2,0,0):22;(1,0,0):1;E-195.04467122145508
162=(5,5,5):20;(5,4,4):15;(4,3,3):37;(4,2,2):23;(4,2,1):6;(3,2,2):64;(3,1,1):37;(2,1,1):10;(2,0,0):12;E-194.38390730369323
163=(5,5,5):6;(5,4,4):14;(4,4,4):1;(4,3,3):18;(4,2,2):22;(4,2,1):29;(4,1,1):3;(3,2,2):49;(3,1,1):57;(3,0,0):2;(2,1,1):10;(2,0,0):13;E-195.0613997539019
164=(5,5,5):11;(5,4,4):8;(4,3,3):10;(4,2,2):57;(4,2,1):14;(3,2,2):42;(3,1,1):53;(3,0,0):3;(2,1,1):12;(2,0,0):14;E-194.9035346200096
165=(5,5,5):2;(5,4,4):2;(4,3,3):3;(4,2,2):43;(4,2,1):50;(3,2,2):16;(3,1,1):53;(3,0,0):2;(2,1,1):26;(2,0,0):21;E-194.61135306167074
166=(6,6,6):1;(5,5,5):12;(5,4,4):10;(4,4,4):1;(4,3,3):13;(4,2,2):55;(4,2,1):10;(4,1,1):1;(3,2,2):50;(3,1,1):47;(3,0,0):4;(2,1,1):11;(2,0,0):11;E-195.09768614220255
167=(5,5,5):20;(5,4,4):20;(4,3,3):41;(4,2,2):18;(4,2,1):7;(4,1,1):1;(3,2,2):52;(3,1,1):30;(3,0,0):1;(2,1,1):16;(2,0,0):15;(1,0,0):1;E-194.24210781626294
168=(5,5,5):17;(5,4,4):16;(4,3,3):26;(4,2,2):26;(4,2,1):14;(3,2,2):47;(3,1,1):42;(3,0,0):2;(2,1,1):13;(2,0,0):17;E-193.67348657920743
169=(6,6,6):1;(5,5,5):14;(5,4,4):17;(4,4,4):1;(4,3,3):32;(4,2,2):23;(4,2,1):4;(4,1,1):2;(3,2,2):58;(3,1,1):45;(3,0,0):8;(2,1,1):7;(2,0,0):11;(1,0,0):2;E-194.52406164446717
170=(5,5,5):4;(4,2,2):51;(4,2,1):45;(4,1,1):1;(3,2,2):16;(3,1,1):52;(3,0,0):3;(2,1,1):21;(2,0,0):27;E-194.88303873234898
171=(5,5,5):6;(5,4,4):4;(4,3,3):6;(4,2,2):52;(4,2,1):34;(3,2,2):29;(3,1,1):51;(3,0,0):3;(2,1,1):15;(2,0,0):22;E-195.05153175986362
172=(5,5,5):17;(5,4,4):14;(4,3,3):22;(4,2,2):34;(4,2,1):3;(4,1,1):4;(3,2,2):59;(3,1,1):43;(3,0,0):8;(2,1,1):10;(2,0,0):10;E-194.67683301344937
173=(5,5,5):4;(4,2,2):51;(4,2,1):48;(3,2,2):16;(3,1,1):54;(3,0,0):4;(2,1,1):20;(2,0,0):24;E-195.09605282608695
174=(5,5,5):11;(5,4,4):16;(4,3,3):11;(4,2,2):50;(4,2,1):16;(3,2,2):44;(3,1,1):51;(3,0,0):3;(2,1,1):15;(2,0,0):8;E-194.95989167246069
175=(5,5,5):10;(5,4,4):12;(4,4,4):1;(4,3,3):9;(4,2,2):54;(4,2,1):18;(3,2,2):42;(3,1,1):47;(3,0,0):6;(2,1,1):16;(2,0,0):9;(1,0,0):1;E-195.09889493009302
176=(5,5,5):10;(5,4,4):11;(4,3,3):9;(4,2,2):49;(4,2,1):9;(3,2,2):45;(3,1,1):52;(3,0,0):5;(2,1,1):11;(2,0,0):20;E-194.72771337660188
177=(5,5,5):16;(5,4,4):12;(4,3,3):12;(4,2,2):57;(4,2,1):8;(3,2,2):58;(3,1,1):50;(3,0,0):2;(2,1,1):8;(2,0,0):5;E-194.9558442084599
178=(5,5,5):6;(5,4,4):4;(4,3,3):8;(4,2,2):46;(4,2,1):32;(4,1,1):2;(3,2,2):22;(3,1,1):48;(3,0,0):5;(2,1,1):22;(2,0,0):23;E-194.32481035668494
179=(5,5,5):10;(5,4,4):18;(4,3,3):16;(4,2,2):42;(4,2,1):14;(3,2,2):44;(3,1,1):55;(3,0,0):3;(2,1,1):13;(2,0,0):10;E-195.09740075856593
180=(5,5,5):10;(5,4,4):7;(4,3,3):6;(4,2,2):60;(4,2,1):17;(4,1,1):1;(3,2,2):40;(3,1,1):49;(3,0,0):7;(2,1,1):16;(2,0,0):10;(1,0,0):1;E-195.09942728107018
181=(5,5,5):11;(5,4,4):10;(5,3,3):1;(4,3,3):25;(4,2,2):29;(4,2,1):9;(4,1,1):4;(3,2,2):53;(3,1,1):51;(3,0,0):6;(2,1,1):10;(2,0,0):14;E-194.6040885435695
182=(5,5,5):11;(5,4,4):13;(4,3,3):7;(4,2,2):52;(4,2,1):16;(3,2,2):41;(3,1,1):58;(3,0,0):3;(2,1,1):10;(2,0,0):14;E-195.18321756250177
183=(5,5,5):13;(5,4,4):9;(4,3,3):14;(4,2,2):53;(4,2,1):12;(4,1,1):1;(3,2,2):46;(3,1,1):47;(3,0,0):4;(2,1,1):13;(2,0,0):12;E-194.70905606356413
184=(5,5,5):4;(5,4,4):8;(4,3,3):13;(4,2,2):33;(4,2,1):42;(4,1,1):1;(3,2,2):23;(3,1,1):52;(3,0,0):3;(2,1,1):20;(2,0,0):21;E-194.42410727362238
185=(5,5,5):14;(5,4,4):13;(4,3,3):13;(4,2,2):55;(4,2,1):10;(4,1,1):1;(3,2,2):50;(3,1,1):51;(3,0,0):1;(2,1,1):13;(2,0,0):6;E-195.07861601348583
186=(5,5,5):12;(5,4,4):6;(4,3,3):5;(4,2,2):61;(4,2,1):16;(3,2,2):46;(3,1,1):55;(3,0,0):2;(2,1,1):14;(2,0,0):8;E-195.1194481540319
187=(5,5,5):9;(5,4,4):7;(4,3,3):12;(4,2,2):48;(4,2,1):17;(4,1,1):1;(3,2,2):39;(3,1,1):45;(3,0,0):4;(2,1,1):15;(2,0,0):23;E-194.71281198787202
188=(5,5,5):19;(5,4,4):20;(4,3,3):34;(4,2,2):20;(4,2,1):11;(4,1,1):2;(3,2,2):48;(3,1,1):30;(3,0,0):4;(2,1,1):19;(2,0,0):14;(1,0,0):2;E-194.29308174153945
189=(5,5,5):12;(5,4,4):6;(4,3,3):3;(4,2,2):55;(4,2,1):14;(3,2,2):47;(3,1,1):53;(3,0,0):5;(2,1,1):12;(2,0,0):15;E-195.02179902978645
190=(5,5,5):11;(5,4,4):9;(4,3,3):12;(4,2,2):56;(4,2,1):11;(4,1,1):1;(3,2,2):42;(3,1,1):51;(3,0,0):4;(2,1,1):11;(2,0,0):16;E-194.87145170463342
191=(5,5,5):13;(5,4,4):11;(4,3,3):15;(4,2,2):47;(4,2,1):9;(3,2,2):53;(3,1,1):55;(3,0,0):2;(2,1,1):5;(2,0,0):15;E-195.08745234179938
192=(5,5,5):4;(5,4,4):2;(4,3,3):10;(4,2,2):49;(4,2,1):36;(4,1,1):1;(3,2,2):25;(3,1,1):48;(3,0,0):2;(2,1,1):21;(2,0,0):21;E-194.48921586482243
193=(5,5,5):15;(5,4,4):17;(4,3,3):27;(4,2,2):34;(4,2,1):11;(4,1,1):1;(3,2,2):53;(3,1,1):40;(3,0,0):1;(2,1,1):13;(2,0,0):11;(1,0,0):1;E-194.46719693193216
194=(5,5,5):13;(5,4,4):8;(4,3,3):13;(4,2,2):54;(4,2,1):11;(3,2,2):47;(3,1,1):48;(3,0,0):5;(2,1,1):12;(2,0,0):12;E-194.78464809022591
195=(5,5,5):5;(5,4,4):5;(4,3,3):5;(4,2,2):47;(4,2,1):33;(4,1,1):2;(3,2,2):23;(3,1,1):53;(3,0,0):3;(2,1,1):21;(2,0,0):23;E-194.81394797661545
196=(5,5,5):14;(5,4,4):11;(4,3,3):12;(4,2,2):48;(4,2,1):9;(4,1,1):1;(3,2,2):50;(3,1,1):45;(3,0,0):9;(2,1,1):10;(2,0,0):14;E-194.6612889788627
197=(5,5,5):10;(5,4,4):7;(4,3,3):3;(4,2,2):57;(4,2,1):19;(4,1,1):1;(3,2,2):43;(3,1,1):52;(3,0,0):2;(2,1,1):18;(2,0,0):10;(1,0,0):1;E-195.0970384830878
198=(5,5,5):13;(5,4,4):11;(4,3,3):22;(4,2,2):28;(4,2,1):26;(4,1,1):1;(3,2,2):34;(3,1,1):46;(3,0,0):3;(2,1,1):16;(2,0,0):22;E-194.11907638946394
199=(5,5,5):13;(5,4,4):8;(4,3,3):13;(4,2,2):55;(4,2,1):11;(3,2,2):46;(3,1,1):47;(3,0,0):5;(2,1,1):13;(2,0,0):12;E-194.7527954747977
200=(5,5,5):17;(5,4,4):15;(4,4,4):1;(4,3,3):17;(4,2,2):47;(4,2,1):6;(3,2,2):61;(3,1,1):45;(3,0,0):3;(2,1,1):7;(2,0,0):8;E-194.7042440229606
201=(6,6,6):1;(5,5,5):31;(5,4,4):16;(4,3,3):33;(4,2,2):9;(4,2,1):8;(4,1,1):2;(3,2,2):64;(3,1,1):37;(3,0,0):1;(2,1,1):9;(2,0,0):12;(1,0,0):1;E-194.23101681288566
202=(5,5,5):15;(5,4,4):13;(4,4,4):1;(4,3,3):13;(4,2,2):42;(4,2,1):5;(3,2,2):54;(3,1,1):43;(3,0,0):6;(2,1,1):5;(2,0,0):25;E-194.87282552291273
203=(5,5,5):11;(5,4,4):13;(4,3,3):9;(4,2,2):52;(4,2,1):16;(3,2,2):40;(3,1,1):54;(3,0,0):3;(2,1,1):16;(2,0,0):10;E-194.92964640864903
204=(5,5,5):4;(4,2,2):51;(4,2,1):45;(4,1,1):1;(3,2,2):16;(3,1,1):52;(3,0,0):3;(2,1,1):21;(2,0,0):27;E-194.88364833105206
205=(5,5,5):20;(5,4,4):12;(4,3,3):31;(4,2,2):18;(4,2,1):7;(4,1,1):1;(3,2,2):63;(3,1,1):37;(3,0,0):1;(2,1,1):7;(2,0,0):24;E-194.66919520079028
206=(5,5,5):4;(4,2,2):52;(4,2,1):50;(3,2,2):18;(3,1,1):52;(3,0,0):1;(2,1,1):24;(2,0,0):20;E-195.06160615542584
207=(5,5,5):4;(4,2,2):51;(4,2,1):48;(3,2,2):16;(3,1,1):54;(3,0,0):4;(2,1,1):20;(2,0,0):24;E-195.09675901345537
208=(5,5,5):14;(5,4,4):6;(4,3,3):2;(4,2,2):61;(4,2,1):11;(3,2,2):51;(3,1,1):54;(3,0,0):5;(2,1,1):8;(2,0,0):13;E-195.09930599415088
209=(5,5,5):12;(5,4,4):10;(4,4,4):1;(4,3,3):7;(4,2,2):55;(4,2,1):10;(4,1,1):1;(3,2,2):44;(3,1,1):52;(3,0,0):3;(2,1,1):12;(2,0,0):16;E-194.96455813130478
210=(6,6,6):1;(5,5,5):14;(5,4,4):11;(4,4,4):1;(4,3,3):15;(4,2,2):48;(4,2,1):7;(3,2,2):55;(3,1,1):49;(3,0,0):4;(2,1,1):6;(2,0,0):13;E-194.66653358473098
211=(5,5,5):11;(5,4,4):8;(4,3,3):7;(4,2,2):57;(4,2,1):14;(4,1,1):1;(3,2,2):48;(3,1,1):48;(3,0,0):4;(2,1,1):13;(2,0,0):12;(1,0,0):1;E-195.09734167976558
212=(5,5,5):4;(5,4,4):9;(4,3,3):14;(4,2,2):33;(4,2,1):38;(4,1,1):1;(3,2,2):33;(3,1,1):57;(3,0,0):2;(2,1,1):14;(2,0,0):17;E-194.30974707787072
213=(5,5,5):2;(5,4,4):13;(4,3,3):15;(4,2,2):22;(4,2,1):40;(4,1,1):1;(3,2,2):28;(3,1,1):60;(3,0,0):5;(2,1,1):12;(2,0,0):24;E-194.94627147643558
214=(5,5,5):11;(5,4,4):16;(4,3,3):10;(4,2,2):47;(4,2,1):15;(3,2,2):40;(3,1,1):55;(3,0,0):3;(2,1,1):12;(2,0,0):15;E-195.0386867909861
215=(5,5,5):5;(5,4,4):6;(4,3,3):7;(4,2,2):55;(4,2,1):29;(3,2,2):29;(3,1,1):42;(3,0,0):2;(2,1,1):22;(2,0,0):22;E-194.44679656241857
216=(5,5,5):13;(5,4,4):13;(4,4,4):1;(4,3,3):7;(4,2,2):55;(4,2,1):4;(4,1,1):1;(3,2,2):45;(3,1,1):48;(3,0,0):3;(2,1,1):15;(2,0,0):16;(1,0,0):1;E-194.72182107960396
217=(5,5,5):10;(5,4,4):13;(4,3,3):7;(4,2,2):52;(4,2,1):14;(4,1,1):1;(3,2,2):46;(3,1,1):57;(3,0,0):4;(2,1,1):9;(2,0,0):12;E-195.10267635249295
218=(5,5,5):11;(5,4,4):10;(4,3,3):9;(4,2,2):51;(4,2,1):17;(3,2,2):44;(3,1,1):44;(3,0,0):6;(2,1,1):18;(2,0,0):10;(1,0,0):2;E-194.84146397621438
219=(5,5,5):16;(5,4,4):17;(4,3,3):38;(4,2,2):18;(4,2,1):5;(3,2,2):60;(3,1,1):37;(3,0,0):3;(2,1,1):15;(2,0,0):11;(1,0,0):1;E-194.25547019879383
220=(5,5,5):11;(5,4,4):13;(4,3,3):7;(4,2,2):51;(4,2,1):19;(3,2,2):42;(3,1,1):52;(3,0,0):3;(2,1,1):16;(2,0,0):10;E-194.91334600393378
221=(5,5,5):12;(5,4,4):7;(4,3,3):9;(4,2,2):60;(4,2,1):11;(4,1,1):1;(3,2,2):48;(3,1,1):49;(3,0,0):5;(2,1,1):11;(2,0,0):12;E-195.0992236578331
222=(5,5,5):13;(5,4,4):6;(4,3,3):12;(4,2,2):54;(4,2,1):10;(3,2,2):43;(3,1,1):51;(3,0,0):6;(2,1,1):12;(2,0,0):15;E-194.80252784229316
223=(5,5,5):13;(5,4,4):13;(4,3,3):18;(4,2,2):32;(4,2,1):12;(4,1,1):4;(3,2,2):38;(3,1,1):44;(3,0,0):7;(2,1,1):19;(2,0,0):19;(1,0,0):1;E-194.3176075376347
224=(5,5,5):6;(5,4,4):5;(4,3,3):8;(4,2,2):46;(4,2,1):37;(4,1,1):1;(3,2,2):28;(3,1,1):47;(3,0,0):1;(2,1,1):22;(2,0,0):18;(1,0,0):1;E-194.7019129922475
225=(5,5,5):11;(5,4,4):13;(4,3,3):9;(4,2,2):51;(4,2,1):16;(4,1,1):1;(3,2,2):47;(3,1,1):49;(3,0,0):5;(2,1,1):14;(2,0,0):9;E-195.03349848840466
226=(5,5,5):14;(5,4,4):20;(4,3,3):30;(4,2,2):34;(4,2,1):12;(3,2,2):49;(3,1,1):35;(3,0,0):2;(2,1,1):15;(2,0,0):13;(1,0,0):1;E-194.48474299327188
227=(5,5,5):10;(5,4,4):8;(4,3,3):7;(4,2,2):56;(4,2,1):18;(3,2,2):48;(3,1,1):45;(2,1,1):22;(2,0,0):4;(1,0,0):2;E-194.4785547802276
228=(5,5,5):9;(5,4,4):12;(4,3,3):25;(4,2,2):45;(4,2,1):11;(4,1,1):1;(3,2,2):43;(3,1,1):53;(3,0,0):2;(2,1,1):12;(2,0,0):10;E-194.3940834815352
229=(6,6,6):1;(5,5,5):13;(5,4,4):14;(5,3,2):1;(4,3,3):19;(4,2,2):42;(4,2,1):10;(3,2,2):52;(3,1,1):47;(3,0,0):1;(2,1,1):14;(2,0,0):11;E-194.90910514594944
230=(6,6,6):1;(5,5,5):13;(5,4,4):16;(4,3,3):13;(4,2,2):40;(4,2,1):18;(4,1,1):1;(3,2,2):40;(3,1,1):49;(3,0,0):3;(2,1,1):12;(2,0,0):17;(1,0,0):1;E-194.73483055502933
231=(5,5,5):9;(5,4,4):20;(4,4,4):1;(4,3,3):25;(4,2,2):32;(4,2,1):15;(4,1,1):1;(3,2,2):34;(3,1,1):44;(3,0,0):1;(2,1,1):21;(2,0,0):18;E-194.20853413937866
232=(5,5,5):13;(5,4,4):16;(4,4,4):1;(4,3,3):11;(4,2,2):55;(4,2,1):9;(3,2,2):49;(3,1,1):51;(3,0,0):2;(2,1,1):13;(2,0,0):7;E-195.04880605830016
233=(5,5,5):11;(5,4,4):13;(4,3,3):7;(4,2,2):51;(4,2,1):16;(3,2,2):42;(3,1,1):59;(3,0,0):3;(2,1,1):9;(2,0,0):14;E-195.24579975864305
234=(5,5,5):11;(5,4,4):13;(4,3,3):9;(4,2,2):52;(4,2,1):16;(3,2,2):40;(3,1,1):54;(3,0,0):3;(2,1,1):16;(2,0,0):10;E-194.90133178096306
235=(5,5,5):16;(5,4,4):13;(4,3,3):38;(4,2,2):21;(4,2,1):9;(4,1,1):1;(3,2,2):54;(3,1,1):37;(3,0,0):4;(2,1,1):10;(2,0,0):18;E-193.93062344280602
236=(6,6,6):2;(5,5,5):13;(5,4,4):16;(4,3,3):22;(4,2,2):38;(4,2,1):10;(3,2,2):54;(3,1,1):48;(3,0,0):3;(2,1,1):9;(2,0,0):11;E-194.70256765738645
237=(5,5,5):8;(5,4,4):19;(4,3,3):21;(4,2,2):33;(4,2,1):13;(4,1,1):4;(3,2,2):53;(3,1,1):55;(3,0,0):3;(2,1,1):8;(2,0,0):9;E-194.520817781572
238=(6,6,6):1;(5,5,5):12;(5,4,4):16;(4,4,4):1;(4,3,3):13;(4,2,2):45;(4,2,1):12;(3,2,2):54;(3,1,1):55;(3,0,0):2;(2,1,1):6;(2,0,0):10;E-195.1837164353424
239=(6,6,6):1;(5,5,5):13;(5,4,4):8;(4,3,3):12;(4,2,2):50;(4,2,1):10;(3,2,2):50;(3,1,1):47;(3,0,0):8;(2,1,1):8;(2,0,0):16;E-194.61334666393662
240=(5,5,5):11;(5,4,4):13;(4,3,3):9;(4,2,2):52;(4,2,1):16;(3,2,2):40;(3,1,1):54;(3,0,0):3;(2,1,1):16;(2,0,0):10;E-194.92646588225014
241=(5,5,5):11;(5,4,4):7;(4,3,3):3;(4,2,2):55;(4,2,1):10;(3,2,2):37;(3,1,1):56;(3,0,0):6;(2,1,1):8;(2,0,0):27;E-194.8406256483193
242=(6,6,6):1;(5,5,5):15;(5,4,4):6;(4,3,3):9;(4,2,2):56;(4,2,1):5;(3,2,2):55;(3,1,1):49;(3,0,0):10;(2,1,1):1;(2,0,0):18;E-194.97631704015555
243=(5,5,5):8;(5,4,4):4;(4,3,3):3;(4,2,2):45;(4,2,1):45;(3,2,2):26;(3,1,1):50;(3,0,0):2;(2,1,1):19;(2,0,0):20;E-194.98883738902455
244=(5,5,5):11;(5,4,4):11;(4,4,4):1;(4,3,3):10;(4,2,2):53;(4,2,1):11;(4,1,1):1;(3,2,2):45;(3,1,1):43;(3,0,0):8;(2,1,1):13;(2,0,0):15;(1,0,0):1;E-194.81229046919177
245=(5,5,5):11;(5,4,4):13;(4,3,3):8;(4,2,2):48;(4,2,1):18;(3,2,2):49;(3,1,1):49;(3,0,0):2;(2,1,1):16;(2,0,0):10;E-195.02584968533017
246=(5,5,5):4;(5,4,4):6;(4,3,3):11;(4,2,2):32;(4,2,1):45;(3,2,2):28;(3,1,1):51;(3,0,0):2;(2,1,1):22;(2,0,0):15;(1,0,0):1;E-193.8458137998233
247=(6,6,6):1;(5,5,5):14;(5,4,4):7;(4,3,3):13;(4,2,2):54;(4,2,1):7;(3,2,2):54;(3,1,1):51;(3,0,0):2;(2,1,1):8;(2,0,0):12;E-194.58340027195098
248=(5,5,5):5;(5,4,4):3;(4,3,3):1;(4,2,2):42;(4,2,1):46;(3,2,2):18;(3,1,1):51;(3,0,0):4;(2,1,1):21;(2,0,0):27;E-194.59815510260105
249=(5,5,5):12;(5,4,4):6;(4,2,2):63;(4,2,1):15;(3,2,2):39;(3,1,1):62;(3,0,0):7;(2,1,1):4;(2,0,0):17;E-195.1905904850919
250=(5,5,5):11;(5,4,4):8;(4,3,3):7;(4,2,2):57;(4,2,1):14;(4,1,1):1;(3,2,2):48;(3,1,1):48;(3,0,0):4;(2,1,1):13;(2,0,0):12;(1,0,0):1;E-195.09786725907162
251=(5,5,5):14;(5,4,4):17;(4,3,3):21;(4,2,2):43;(4,2,1):4;(4,1,1):2;(3,2,2):43;(3,1,1):43;(3,0,0):8;(2,1,1):12;(2,0,0):18;E-194.42937129080883
252=(5,5,5):8;(5,4,4):16;(4,3,3):39;(4,2,2):22;(4,2,1):11;(4,1,1):1;(3,2,2):43;(3,1,1):43;(3,0,0):5;(2,1,1):15;(2,0,0):17;(1,0,0):1;E-194.28550445940385
253=(5,5,5):20;(5,4,4):27;(4,4,4):1;(4,3,3):40;(4,2,2):14;(4,2,1):3;(4,1,1):3;(3,2,2):60;(3,1,1):27;(3,0,0):4;(2,1,1):12;(2,0,0):11;(1,0,0):3;E-194.35372366857484
254=(5,5,5):11;(5,4,4):13;(4,3,3):7;(4,2,2):51;(4,2,1):19;(3,2,2):42;(3,1,1):52;(3,0,0):3;(2,1,1):16;(2,0,0):10;E-194.90798922878102
255=(6,6,6):1;(5,5,5):13;(5,4,4):18;(4,3,3):14;(4,2,2):48;(4,2,1):9;(4,1,1):2;(3,2,2):45;(3,1,1):39;(3,0,0):1;(2,1,1):20;(2,0,0):8;(1,0,0):4;E-194.11729057311518
256=(5,5,5):14;(5,4,4):8;(4,3,3):11;(4,2,2):55;(4,2,1):9;(3,2,2):51;(3,1,1):50;(3,0,0):2;(2,1,1):11;(2,0,0):12;E-194.75374967946496
257=(5,5,5):14;(5,4,4):6;(4,3,3):7;(4,2,2):61;(4,2,1):12;(3,2,2):53;(3,1,1):51;(3,0,0):4;(2,1,1):8;(2,0,0):10;E-195.12390284909117
258=(5,5,5):13;(5,4,4):6;(4,3,3):7;(4,2,2):49;(4,2,1):13;(4,1,1):1;(3,2,2):46;(3,1,1):47;(3,0,0):9;(2,1,1):10;(2,0,0):20;E-194.61025689114405
259=(5,5,5):23;(5,4,4):15;(4,3,3):28;(4,2,2):21;(4,2,1):9;(3,2,2):51;(3,1,1):35;(3,0,0):4;(2,1,1):12;(2,0,0):23;E-193.99273130964198
260=(5,5,5):13;(5,4,4):15;(4,3,3):16;(4,2,2):45;(4,2,1):10;(3,2,2):50;(3,1,1):50;(2,1,1):11;(2,0,0):14;E-194.92830010365893
261=(5,5,5):4;(5,4,4):2;(4,3,3):1;(4,2,2):55;(4,2,1):39;(3,2,2):19;(3,1,1):48;(3,0,0):4;(2,1,1):19;(2,0,0):28;E-194.89020749294608
262=(5,5,5):14;(5,4,4):12;(4,3,3):12;(4,2,2):57;(4,2,1):8;(4,1,1):1;(3,2,2):47;(3,1,1):48;(3,0,0):1;(2,1,1):17;(2,0,0):6;(1,0,0):1;E-194.75759163023193
263=(5,5,5):17;(5,4,4):22;(5,3,3):1;(4,4,4):1;(4,3,3):25;(4,2,2):23;(4,2,1):13;(3,2,2):49;(3,1,1):37;(3,0,0):1;(2,1,1):18;(2,0,0):16;E-194.2263103108036
264=(5,5,5):4;(4,2,2):51;(4,2,1):45;(4,1,1):1;(3,2,2):16;(3,1,1):52;(3,0,0):3;(2,1,1):21;(2,0,0):27;E-194.83398253290733
265=(5,5,5):11;(5,4,4):13;(4,3,3):10;(4,2,2):51;(4,2,1):17;(3,2,2):45;(3,1,1):48;(3,0,0):6;(2,1,1):15;(2,0,0):9;E-194.9939322094057
266=(6,6,6):1;(5,5,5):30;(5,4,4):21;(4,3,3):31;(4,2,2):16;(4,2,1):5;(4,1,1):1;(3,2,2):66;(3,1,1):27;(3,0,0):2;(2,1,1):11;(2,0,0):15;E-194.13672409742946
267=(5,5,5):10;(5,4,4):9;(4,3,3):3;(4,2,2):54;(4,2,1):13;(4,1,1):2;(3,2,2):46;(3,1,1):54;(3,0,0):6;(2,1,1):13;(2,0,0):13;E-195.03443539731157
268=(5,5,5):10;(5,4,4):6;(4,3,3):4;(4,2,2):55;(4,2,1):18;(3,2,2):43;(3,1,1):54;(3,0,0):4;(2,1,1):12;(2,0,0):16;E-194.99024933636886
269=(5,5,5):9;(5,4,4):9;(4,3,3):18;(4,2,2):46;(4,2,1):14;(3,2,2):50;(3,1,1):50;(3,0,0):2;(2,1,1):15;(2,0,0):9;E-194.75586296036354
270=(5,5,5):11;(5,4,4):13;(4,3,3):9;(4,2,2):52;(4,2,1):16;(3,2,2):40;(3,1,1):54;(3,0,0):3;(2,1,1):16;(2,0,0):10;E-194.91777937843187
271=(5,5,5):14;(5,4,4):8;(4,3,3):7;(4,2,2):54;(4,2,1):13;(3,2,2):54;(3,1,1):53;(3,0,0):3;(2,1,1):8;(2,0,0):11;E-195.1747021569671
272=(5,5,5):11;(5,4,4):14;(4,3,3):9;(4,2,2):43;(4,2,1):14;(3,2,2):40;(3,1,1):54;(3,0,0):8;(2,1,1):10;(2,0,0):19;E-194.9140041927619
273=(5,5,5):12;(5,4,4):7;(4,3,3):9;(4,2,2):60;(4,2,1):11;(4,1,1):1;(3,2,2):48;(3,1,1):49;(3,0,0):5;(2,1,1):11;(2,0,0):12;E-195.10291144939555
274=(5,5,5):9;(5,4,4):11;(4,3,3):9;(4,2,2):54;(4,2,1):20;(3,2,2):39;(3,1,1):47;(3,0,0):6;(2,1,1):19;(2,0,0):9;(1,0,0):1;E-195.09443237138532
275=(5,5,5):10;(5,4,4):15;(4,3,3):17;(4,2,2):32;(4,2,1):15;(4,1,1):2;(3,2,2):52;(3,1,1):48;(3,0,0):4;(2,1,1):11;(2,0,0):15;E-194.46999849952266
276=(5,5,5):15;(5,4,4):10;(4,3,3):10;(4,2,2):54;(4,2,1):11;(3,2,2):55;(3,1,1):51;(3,0,0):3;(2,1,1):8;(2,0,0):9;E-195.17280511425798
277=(5,5,5):11;(5,4,4):5;(4,3,3):9;(4,2,2):48;(4,2,1):4;(4,1,1):2;(3,2,2):47;(3,1,1):61;(3,0,0):3;(2,1,1):3;(2,0,0):27;(1,0,0):1;E-194.82696129439952
278=(5,5,5):12;(5,4,4):15;(5,3,2):1;(4,3,3):14;(4,2,2):46;(4,2,1):11;(4,1,1):1;(3,2,2):54;(3,1,1):44;(3,0,0):7;(2,1,1):12;(2,0,0):8;E-194.9362409351116
279=(5,5,5):26;(5,4,4):17;(4,3,3):32;(4,2,2):34;(4,2,1):6;(4,1,1):1;(3,2,2):54;(3,1,1):29;(2,1,1):10;(2,0,0):17;E-194.69191586267598
